48 996 1
50 1285 1
51 1830 1
52 2108 1
53 2392 1
54 2169 1
54 2386 1
55 1962 1
56 961 1
57 2542 1
59 77 1
59 114 1
59 389 1
60 261 1
61 1431 1
62 1981 1
63 1597 1
64 305 1
65 1381 1
66 1749 1
67 2504 1
68 1643 1
69 1545 1
70 848 1
70 1461 1
71 2120 1
72 2027 1
73 2231 1
74 1200 1
75 2184 1
76 2010 1
77 59 1
78 227 1
78 909 1
78 920 1
78 1235 1
78 1290 1
78 1916 1
78 2183 1
78 2427 1
80 1116 1
81 1749 1
81 2028 1
82 1085 1
85 1103 1
86 1966 1
87 2128 1
88 1565 1
89 260 1
90 824 1
91 1236 1
92 1363 1
93 2463 1
94 1081 1
94 1943 1
94 1984 1
94 2045 1
94 2046 1
94 2099 1
94 2200 1
94 2245 1
94 2391 1
94 2460 1
94 2553 1
94 2577 1
94 2599 1
94 2608 1
95 154 1
96 1356 1
99 1407 1
100 606 1
101 850 1
102 736 1
104 234 1
104 239 1
104 964 1
105 1272 1
106 412 1
107 1179 1
109 1448 1
110 2143 1
111 2603 1
112 2027 1
113 172 1
113 347 1
113 1639 1
113 1761 1
114 59 1
114 2125 1
114 2589 1
115 130 1
117 2324 1
118 1643 1
119 966 1
120 2555 1
121 310 1
122 244 1
123 2500 1
124 2149 1
126 1016 1
127 2337 1
128 1143 1
130 115 1
131 728 1
132 1951 1
133 835 1
134 2597 1
135 2298 1
136 2413 1
137 1812 1
138 902 1
138 2447 1
138 2486 1
139 1908 1
141 1923 1
142 693 1
143 1370 1
144 2350 1
145 2365 1
146 1628 1
147 2299 1
148 2111 1
150 2244 1
151 475 1
152 248 1
153 2503 1
154 95 1
156 627 1
157 653 1
158 1002 1
159 2157 1
160 1044 1
161 492 1
161 2467 1
162 820 1
166 547 1
167 2133 1
169 328 1
169 577 1
169 578 1
169 605 1
169 1558 1
169 1919 1
169 2063 1
169 2066 1
169 2242 1
169 2277 1
169 2301 1
169 2328 1
169 2520 1
169 2548 1
170 2599 1
172 113 1
173 2102 1
174 346 1
174 1221 1
175 768 1
175 2023 1
176 1004 1
177 628 1
178 908 1
179 1338 1
179 1956 1
180 1971 1
181 2294 1
183 2326 1
185 2349 1
186 1474 1
187 2084 1
189 1269 1
190 2330 1
191 1317 1
192 612 1
193 2475 1
195 209 1
196 624 1
197 1503 1
198 894 1
199 1265 1
200 680 1
201 539 1
201 844 1
202 835 1
202 1166 1
202 1352 1
202 1443 1
202 1472 1
202 1570 1
202 2181 1
202 2290 1
202 2370 1
202 2549 1
202 2593 1
203 493 1
204 2306 1
205 1450 1
205 1876 1
205 2354 1
207 1377 1
208 1524 1
209 195 1
210 2176 1
211 1735 1
212 2551 1
213 2413 1
214 2427 1
215 502 1
216 2509 1
217 1617 1
218 835 1
219 1370 1
221 1980 1
222 2254 1
223 449 1
223 1413 1
223 1476 1
223 1577 1
223 1633 1
223 1640 1
223 1891 1
223 2018 1
223 2121 1
223 2214 1
223 2374 1
223 2483 1
223 2491 1
223 2583 1
223 2596 1
225 553 1
227 78 1
228 1029 1
230 2557 1
231 947 1
232 2453 1
233 936 1
234 104 1
235 2244 1
236 1206 1
237 987 1
238 387 1
239 104 1
240 1661 1
241 2455 1
242 2452 1
243 2569 1
244 122 1
245 1050 1
246 1632 1
248 152 1
251 1872 1
252 1159 1
253 1926 1
254 443 1
256 1870 1
257 1886 1
258 1713 1
258 2012 1
259 1655 1
260 89 1
261 60 1
262 1953 1
263 1914 1
264 1818 1
265 2064 1
266 1397 1
266 2459 1
267 1913 1
268 1657 1
269 285 1
270 2537 1
271 1410 1
272 1386 1
273 2196 1
274 1111 1
274 1394 1
274 1598 1
275 2379 1
276 2341 1
277 1843 1
278 2257 1
279 2073 1
280 647 1
282 1606 1
283 2309 1
284 2147 1
285 269 1
286 1954 1
287 764 1
288 1510 1
289 435 1
291 1787 1
291 2013 1
292 496 1
292 497 1
292 1479 1
292 1529 1
293 1051 1
293 1311 1
293 1987 1
293 2025 1
294 454 1
295 304 1
296 1239 1
297 1337 1
298 2329 1
300 491 1
301 2353 1
301 2577 1
302 2074 1
304 295 1
305 64 1
306 835 1
307 1043 1
308 453 1
308 1437 1
308 1888 1
308 2116 1
308 2153 1
308 2224 1
308 2228 1
308 2253 1
308 2281 1
308 2295 1
308 2531 1
308 2550 1
308 2555 1
309 2021 1
310 121 1
311 2400 1
312 990 1
313 812 1
314 1843 1
315 2296 1
316 1249 1
317 2154 1
318 1423 1
318 1682 1
318 1888 1
318 2215 1
318 2307 1
318 2468 1
319 508 1
319 1456 1
319 2468 1
319 2484 1
322 2243 1
323 1647 1
324 474 1
325 1414 1
326 2118 1
327 377 1
328 169 1
329 2101 1
330 1005 1
331 2269 1
332 2311 1
333 362 1
334 932 1
335 554 1
336 1278 1
337 1216 1
338 2537 1
339 506 1
339 1359 1
339 2317 1
339 2401 1
339 2562 1
339 2612 1
340 1453 1
341 2352 1
342 1578 1
343 1444 1
344 956 1
345 411 1
346 174 1
347 113 1
348 957 1
348 1816 1
348 1893 1
348 2431 1
349 1913 1
350 1734 1
351 2557 1
352 1318 1
353 1704 1
353 2485 1
354 1386 1
355 1783 1
356 2068 1
357 2523 1
358 747 1
359 2489 1
361 2543 1
362 333 1
363 621 1
364 1015 1
364 1636 1
364 1741 1
364 2257 1
365 1880 1
367 998 1
368 981 1
369 2104 1
370 1277 1
371 703 1
372 2075 1
373 558 1
374 1375 1
375 424 1
376 2466 1
377 327 1
378 498 1
379 1693 1
379 2119 1
380 1811 1
381 2175 1
382 1284 1
383 1681 1
384 1414 1
384 1864 1
385 765 1
386 1271 1
387 238 1
388 1332 1
389 59 1
390 1908 1
391 1377 1
392 2463 1
393 2496 1
394 1321 1
395 2244 1
396 619 1
397 2615 1
398 2424 1
399 667 1
400 2408 1
401 1045 1
402 581 1
403 2350 1
404 960 1
405 1308 1
405 2136 1
406 1386 1
407 751 1
408 513 1
409 1176 1
410 2598 1
411 345 1
412 106 1
413 845 1
413 1391 1
413 2213 1
413 2232 1
413 2564 1
414 2380 1
415 2070 1
417 1276 1
417 1767 1
417 2487 1
418 1773 1
419 523 1
420 2093 1
421 915 1
422 662 1
423 2474 1
424 375 1
425 1643 1
426 2169 1
428 1643 1
429 2506 1
430 1350 1
431 1012 1
433 1689 1
434 2500 1
435 289 1
436 1217 1
437 1999 1
438 2094 1
439 1977 1
440 2167 1
441 2301 1
442 1141 1
443 254 1
444 788 1
445 2181 1
447 1836 1
448 2026 1
449 223 1
450 882 1
452 2554 1
453 308 1
454 294 1
455 2437 1
456 1642 1
457 2004 1
458 2101 1
459 1024 1
460 2098 1
461 2324 1
462 1208 1
462 1781 1
462 2172 1
462 2376 1
463 1906 1
464 1518 1
466 1850 1
467 1521 1
468 968 1
469 2135 1
470 2538 1
471 1604 1
472 2596 1
474 324 1
475 151 1
476 1789 1
477 965 1
478 1613 1
479 564 1
481 2466 1
482 1643 1
483 1819 1
484 1649 1
484 2130 1
484 2595 1
485 2084 1
486 1178 1
487 835 1
489 1797 1
490 1390 1
491 300 1
492 161 1
493 203 1
494 2383 1
495 2332 1
496 292 1
497 292 1
498 378 1
499 1847 1
500 1390 1
501 1537 1
502 215 1
503 2184 1
504 2581 1
505 1288 1
506 339 1
507 1776 1
508 319 1
509 1735 1
510 1556 1
511 1556 1
512 2311 1
512 2436 1
512 2498 1
512 2510 1
513 408 1
514 2558 1
516 1160 1
517 1991 1
518 2605 1
519 2111 1
520 2259 1
521 2599 1
522 1843 1
523 419 1
524 974 1
525 1642 1
526 1778 1
527 1486 1
528 2551 1
529 819 1
530 835 1
530 1166 1
530 1443 1
530 1566 1
530 1570 1
530 1590 1
530 1982 1
530 2106 1
530 2144 1
530 2174 1
530 2315 1
530 2321 1
530 2438 1
530 2497 1
530 2513 1
530 2532 1
530 2543 1
530 2561 1
530 2567 1
530 2572 1
530 2582 1
530 2601 1
530 2609 1
530 2610 1
530 2613 1
531 1708 1
532 1463 1
533 2368 1
534 1295 1
534 1371 1
534 1718 1
534 2559 1
535 2086 1
536 2086 1
537 806 1
538 2588 1
539 201 1
540 2325 1
541 2108 1
542 1883 1
543 1213 1
544 1824 1
545 1053 1
546 1700 1
547 166 1
548 1519 1
549 1180 1
550 1133 1
551 1631 1
552 2518 1
553 225 1
554 335 1
555 2006 1
555 2225 1
555 2352 1
556 557 1
557 556 1
558 373 1
559 2597 1
560 2597 1
561 1907 1
563 2292 1
564 479 1
565 1872 1
566 567 1
567 566 1
568 569 1
569 568 1
570 2005 1
571 1464 1
572 2614 1
573 835 1
574 1088 1
575 2405 1
576 1111 1
577 169 1
578 169 1
579 1224 1
580 1753 1
581 402 1
582 1385 1
583 1795 1
584 2392 1
585 975 1
586 1193 1
587 1687 1
588 2295 1
590 1810 1
591 1242 1
592 593 1
593 592 1
594 1983 1
595 2450 1
596 1047 1
597 2413 1
598 599 1
599 598 1
600 601 1
601 600 1
602 2295 1
603 1608 1
604 1583 1
605 169 1
606 100 1
607 1135 1
608 2379 1
609 2379 1
610 1498 1
611 2104 1
612 192 1
613 1230 1
614 2149 1
615 743 1
615 1507 1
615 2009 1
615 2018 1
615 2370 1
616 2447 1
617 1409 1
618 2543 1
619 396 1
621 363 1
622 1764 1
623 1079 1
624 196 1
625 2447 1
625 2486 1
626 1949 1
627 156 1
628 177 1
629 2147 1
630 1035 1
631 1067 1
632 2183 1
633 2183 1
634 2159 1
635 1025 1
635 2037 1
635 2348 1
636 1987 1
637 1918 1
639 2525 1
640 641 1
641 640 1
642 1109 1
643 644 1
644 643 1
645 1414 1
646 2608 1
647 280 1
649 2437 1
650 2488 1
651 1302 1
652 2026 1
653 157 1
654 2362 1
655 2362 1
656 1939 1
657 1712 1
658 1491 1
658 2088 1
658 2186 1
658 2313 1
658 2447 1
658 2486 1
659 1778 1
660 1721 1
661 862 1
661 2050 1
662 422 1
663 1097 1
663 1182 1
664 1742 1
665 2449 1
666 2148 1
667 399 1
668 2037 1
669 1853 1
670 2554 1
671 1679 1
671 2227 1
672 1560 1
673 1275 1
674 1348 1
674 1639 1
675 1464 1
676 2128 1
677 1440 1
677 2246 1
678 1086 1
678 1247 1
678 1655 1
678 2179 1
678 2432 1
679 1214 1
679 1584 1
679 2006 1
680 200 1
681 694 1
682 2427 1
683 1813 1
684 1632 1
685 1681 1
686 2466 1
687 688 1
688 687 1
689 714 1
689 2453 1
690 1248 1
691 2156 1
692 811 1
693 142 1
694 681 1
695 2415 1
696 2415 1
697 2443 1
698 1643 1
699 1643 1
700 1643 1
701 1953 1
702 2226 1
703 371 1
704 2612 1
705 2232 1
706 1724 1
707 2312 1
708 2422 1
709 2557 1
710 2612 1
711 2612 1
714 689 1
715 2352 1
716 2266 1
717 1259 1
718 719 1
719 718 1
720 969 1
721 1583 1
722 2329 1
723 2329 1
724 2160 1
725 1705 1
726 1695 1
727 2485 1
728 131 1
729 1805 1
730 1218 1
731 1628 1
732 2555 1
733 1169 1
734 1643 1
735 1172 1
736 102 1
737 2104 1
738 1999 1
739 2206 1
740 1156 1
741 1742 1
743 615 1
744 1928 1
746 1427 1
747 358 1
748 967 1
750 2441 1
751 407 1
752 1656 1
752 2016 1
752 2125 1
752 2566 1
752 2568 1
752 2589 1
753 2137 1
754 2027 1
755 1497 1
756 1806 1
757 1670 1
758 2559 1
759 2397 1
760 1107 1
761 1911 1
762 1328 1
762 1428 1
762 1669 1
762 2227 1
762 2508 1
763 2145 1
763 2456 1
764 287 1
765 385 1
766 2217 1
767 2533 1
768 175 1
769 1707 1
769 2238 1
770 1225 1
771 988 1
772 2020 1
773 2116 1
774 2122 1
775 2558 1
776 2084 1
777 2038 1
778 1105 1
779 1602 1
780 2542 1
781 835 1
781 2007 1
781 2503 1
781 2558 1
781 2578 1
781 2582 1
782 1195 1
783 803 1
784 939 1
785 841 1
786 1229 1
787 1403 1
787 2063 1
787 2107 1
787 2277 1
787 2520 1
787 2548 1
788 444 1
789 1664 1
790 1582 1
791 1609 1
792 1040 1
792 1428 1
792 1458 1
793 2557 1
794 1643 1
795 1923 1
796 1612 1
797 1606 1
798 2557 1
799 2069 1
800 2075 1
801 2156 1
802 1643 1
802 1835 1
802 2358 1
803 783 1
804 1036 1
805 2175 1
806 537 1
807 2500 1
808 1614 1
810 1165 1
811 692 1
812 313 1
813 1366 1
814 1833 1
815 1901 1
816 2303 1
816 2449 1
817 1356 1
818 1871 1
819 529 1
820 162 1
821 2318 1
822 1678 1
823 2039 1
824 90 1
824 835 1
824 1352 1
824 1429 1
824 1507 1
824 1566 1
824 1570 1
824 2083 1
824 2144 1
824 2286 1
824 2300 1
824 2370 1
824 2527 1
824 2586 1
825 1728 1
826 2464 1
827 2454 1
828 1435 1
829 1393 1
830 2533 1
831 899 1
832 1795 1
833 957 1
834 1954 1
835 133 1
835 202 1
835 218 1
835 306 1
835 487 1
835 530 1
835 573 1
835 781 1
835 824 1
835 940 1
835 1162 1
835 1166 1
835 1352 1
835 1376 1
835 1400 1
835 1410 1
835 1443 1
835 1447 1
835 1496 1
835 1502 1
835 1515 1
835 1517 1
835 1547 1
835 1566 1
835 1570 1
835 1610 1
835 1611 1
835 1612 1
835 1827 1
835 1889 1
835 1895 1
835 1920 1
835 1985 1
835 2005 1
835 2091 1
835 2171 1
835 2173 1
835 2174 1
835 2181 1
835 2182 1
835 2191 1
835 2218 1
835 2252 1
835 2266 1
835 2276 1
835 2287 1
835 2288 1
835 2290 1
835 2291 1
835 2294 1
835 2300 1
835 2305 1
835 2308 1
835 2363 1
835 2381 1
835 2405 1
835 2417 1
835 2429 1
835 2432 1
835 2434 1
835 2472 1
835 2482 1
835 2497 1
835 2502 1
835 2503 1
835 2512 1
835 2513 1
835 2519 1
835 2522 1
835 2526 1
835 2536 1
835 2540 1
835 2549 1
835 2558 1
835 2561 1
835 2567 1
835 2570 1
835 2576 1
835 2578 1
835 2584 1
835 2585 1
835 2588 1
835 2591 1
835 2594 1
835 2605 1
835 2606 1
835 2614 1
836 1842 1
837 1654 1
838 2181 1
839 1958 1
840 2430 1
841 785 1
842 2469 1
843 2135 1
844 201 1
845 413 1
845 1391 1
845 2213 1
845 2263 1
845 2343 1
845 2385 1
845 2527 1
845 2607 1
846 2400 1
847 1331 1
848 70 1
848 1461 1
848 1921 1
849 1386 1
850 101 1
851 1244 1
852 867 1
853 1452 1
854 1833 1
855 2160 1
856 2281 1
857 1407 1
858 859 1
859 858 1
860 1495 1
860 1680 1
861 2364 1
862 661 1
862 2029 1
862 2050 1
862 2178 1
862 2436 1
863 2254 1
864 2500 1
865 2424 1
866 1555 1
867 852 1
868 1530 1
869 1926 1
870 1489 1
871 1489 1
872 1075 1
874 875 1
875 874 1
876 2269 1
877 2390 1
878 2490 1
879 2490 1
880 1388 1
881 1199 1
882 450 1
883 2306 1
884 2306 1
885 2421 1
886 1592 1
887 958 1
888 2320 1
889 1958 1
890 1879 1
891 2383 1
892 2383 1
893 2467 1
894 198 1
895 2544 1
896 2350 1
897 1942 1
898 1942 1
899 831 1
900 1957 1
901 2528 1
902 138 1
902 1173 1
902 1491 1
902 2326 1
903 2125 1
904 2444 1
904 2478 1
904 2483 1
905 2075 1
906 2011 1
907 1258 1
908 178 1
909 78 1
910 911 1
911 910 1
913 2256 1
914 1340 1
914 1980 1
914 2365 1
915 421 1
916 1662 1
917 1969 1
918 1476 1
920 78 1
921 1309 1
922 2605 1
923 2128 1
924 1773 1
925 1624 1
926 2169 1
927 1625 1
928 1057 1
929 2053 1
930 2170 1
931 1945 1
932 334 1
933 1061 1
934 2159 1
935 2188 1
936 233 1
937 938 1
937 1030 1
937 1031 1
937 2528 1
938 937 1
939 784 1
940 835 1
940 1566 1
940 1570 1
940 2363 1
941 2001 1
942 2109 1
943 1410 1
944 1735 1
945 2573 1
947 231 1
948 2570 1
949 2544 1
950 1243 1
951 1062 1
951 1327 1
951 2447 1
951 2612 1
952 1932 1
953 1552 1
954 1891 1
955 2419 1
956 344 1
957 348 1
957 833 1
957 1676 1
957 2121 1
957 2321 1
957 2535 1
958 887 1
959 2181 1
960 404 1
961 56 1
962 2035 1
963 1975 1
964 104 1
965 477 1
966 119 1
967 748 1
968 468 1
969 720 1
970 2415 1
971 1866 1
972 2156 1
973 1765 1
974 524 1
975 585 1
976 2488 1
977 2468 1
978 1528 1
979 1354 1
980 1211 1
980 1307 1
980 1446 1
980 1665 1
980 2065 1
980 2168 1
980 2298 1
980 2307 1
980 2330 1
980 2477 1
981 368 1
982 1202 1
983 1662 1
984 2508 1
985 1679 1
985 2528 1
986 2365 1
987 237 1
988 771 1
989 2154 1
990 312 1
991 2487 1
992 1034 1
993 1402 1
994 2019 1
995 1350 1
996 48 1
997 2221 1
998 367 1
999 2612 1
1000 2005 1
1001 1112 1
1002 158 1
1004 176 1
1005 330 1
1006 1897 1
1007 1791 1
1008 1168 1
1009 1579 1
1010 2397 1
1011 2073 1
1012 431 1
1013 2304 1
1014 1754 1
1015 364 1
1015 2464 1
1016 126 1
1017 2612 1
1018 1518 1
1019 1713 1
1020 1126 1
1021 2606 1
1023 2244 1
1024 459 1
1025 635 1
1026 1575 1
1027 1220 1
1028 1291 1
1029 228 1
1030 937 1
1031 937 1
1032 1154 1
1033 2590 1
1034 992 1
1035 630 1
1036 804 1
1037 2390 1
1038 1227 1
1039 1803 1
1039 2321 1
1039 2432 1
1039 2602 1
1040 792 1
1041 2471 1
1042 2283 1
1043 307 1
1044 160 1
1045 401 1
1046 1845 1
1047 596 1
1048 1791 1
1049 2119 1
1050 245 1
1051 293 1
1052 2280 1
1053 545 1
1054 1826 1
1055 1402 1
1056 2160 1
1057 928 1
1058 1879 1
1059 2456 1
1060 2466 1
1061 933 1
1062 951 1
1063 2533 1
1064 1509 1
1065 1069 1
1065 1324 1
1065 1595 1
1065 1935 1
1065 2511 1
1066 1089 1
1067 631 1
1068 1451 1
1069 1065 1
1070 2232 1
1071 2136 1
1072 1289 1
1073 1551 1
1074 2596 1
1075 872 1
1076 1488 1
1077 1944 1
1078 1194 1
1079 623 1
1080 1386 1
1081 94 1
1082 1593 1
1083 2583 1
1084 1911 1
1085 82 1
1086 678 1
1086 1166 1
1086 2288 1
1086 2522 1
1086 2594 1
1086 2614 1
1087 2503 1
1088 574 1
1089 1066 1
1090 1807 1
1091 1643 1
1092 2422 1
1093 2384 1
1094 1541 1
1095 2562 1
1096 2147 1
1097 663 1
1098 1643 1
1099 1843 1
1100 1569 1
1101 1102 1
1102 1101 1
1103 85 1
1104 2053 1
1105 778 1
1106 1473 1
1107 760 1
1108 1359 1
1109 642 1
1110 2552 1
1111 274 1
1111 576 1
1111 1394 1
1111 1598 1
1111 2322 1
1112 1001 1
1113 2552 1
1114 2583 1
1115 1134 1
1116 80 1
1117 1760 1
1118 1814 1
1119 2026 1
1120 1643 1
1121 1952 1
1122 2599 1
1123 1776 1
1124 1549 1
1125 1895 1
1126 1020 1
1127 2500 1
1128 1346 1
1129 2039 1
1130 1929 1
1131 1346 1
1132 2127 1
1133 550 1
1134 1115 1
1135 607 1
1136 1357 1
1137 1916 1
1138 2306 1
1139 1602 1
1140 1735 1
1141 442 1
1142 2323 1
1143 128 1
1144 2077 1
1145 2400 1
1146 1787 1
1147 2208 1
1148 1222 1
1149 2511 1
1150 2137 1
1151 2487 1
1152 1775 1
1153 2469 1
1154 1032 1
1155 2325 1
1156 740 1
1157 1621 1
1158 2241 1
1159 252 1
1159 1563 1
1159 1918 1
1159 2032 1
1159 2170 1
1159 2201 1
1159 2250 1
1159 2265 1
1159 2553 1
1159 2603 1
1160 516 1
1161 1347 1
1162 835 1
1162 1591 1
1162 2266 1
1162 2291 1
1162 2370 1
1163 2365 1
1164 2615 1
1165 810 1
1166 202 1
1166 530 1
1166 835 1
1166 1086 1
1166 2091 1
1166 2171 1
1166 2366 1
1166 2438 1
1166 2472 1
1166 2492 1
1166 2497 1
1166 2513 1
1166 2549 1
1166 2561 1
1166 2572 1
1166 2605 1
1166 2606 1
1167 1414 1
1167 1417 1
1167 1512 1
1167 1984 1
1167 2089 1
1167 2245 1
1167 2345 1
1167 2441 1
1167 2460 1
1167 2542 1
1167 2553 1
1167 2577 1
1167 2599 1
1167 2608 1
1168 1008 1
1169 733 1
1170 2337 1
1171 2397 1
1172 735 1
1173 902 1
1175 2441 1
1176 409 1
1177 1454 1
1178 486 1
1179 107 1
1180 549 1
1181 1267 1
1182 663 1
1183 2542 1
1184 1643 1
1185 1739 1
1186 2269 1
1187 2447 1
1187 2470 1
1187 2486 1
1188 2199 1
1189 2395 1
1190 2608 1
1191 2098 1
1192 1934 1
1193 586 1
1194 1078 1
1195 782 1
1196 2558 1
1197 1643 1
1198 1657 1
1199 881 1
1200 74 1
1201 1805 1
1202 982 1
1203 1357 1
1204 1586 1
1205 2557 1
1206 236 1
1207 1298 1
1208 462 1
1209 1260 1
1210 2313 1
1211 980 1
1212 2324 1
1213 543 1
1214 679 1
1215 2511 1
1216 337 1
1217 436 1
1218 730 1
1219 2506 1
1220 1027 1
1221 174 1
1222 1148 1
1223 2524 1
1224 579 1
1225 770 1
1226 1237 1
1227 1038 1
1228 2076 1
1229 786 1
1230 613 1
1231 2364 1
1232 1485 1
1233 1453 1
1234 1756 1
1235 78 1
1236 91 1
1237 1226 1
1238 2612 1
1239 296 1
1240 1482 1
1241 2244 1
1242 591 1
1243 950 1
1244 851 1
1245 2025 1
1246 1252 1
1247 678 1
1248 690 1
1249 316 1
1250 2058 1
1251 2296 1
1252 1246 1
1253 1334 1
1254 2004 1
1255 1730 1
1256 2566 1
1256 2568 1
1257 1843 1
1258 907 1
1259 717 1
1260 1209 1
1261 2021 1
1262 2102 1
1263 2448 1
1264 1745 1
1265 199 1
1266 2285 1
1267 1181 1
1268 1551 1
1269 189 1
1270 2361 1
1271 386 1
1272 105 1
1273 2612 1
1274 2573 1
1275 673 1
1276 417 1
1277 370 1
1278 336 1
1279 1730 1
1280 1462 1
1281 1418 1
1281 2070 1
1282 2364 1
1283 2562 1
1284 382 1
1285 50 1
1286 1980 1
1287 1909 1
1288 505 1
1289 1072 1
1290 78 1
1291 1028 1
1292 2452 1
1293 1806 1
1294 2000 1
1295 534 1
1296 1572 1
1297 1939 1
1298 1207 1
1299 1318 1
1300 1365 1
1301 2286 1
1302 651 1
1303 1386 1
1304 2295 1
1305 1724 1
1306 2321 1
1307 980 1
1308 405 1
1308 2136 1
1309 921 1
1310 1705 1
1310 2252 1
1311 293 1
1311 2110 1
1312 2319 1
1312 2563 1
1313 1418 1
1313 2070 1
1314 1772 1
1315 2145 1
1315 2388 1
1316 2137 1
1316 2279 1
1317 191 1
1317 1928 1
1318 352 1
1318 1299 1
1319 1536 1
1319 2150 1
1320 1901 1
1320 2525 1
1321 394 1
1322 1342 1
1322 1706 1
1322 1892 1
1322 2447 1
1323 1748 1
1324 1065 1
1324 1457 1
1324 1596 1
1325 1495 1
1325 2141 1
1326 1643 1
1326 2402 1
1327 951 1
1327 2612 1
1328 762 1
1328 2209 1
1328 2552 1
1329 1558 1
1329 2117 1
1330 1386 1
1330 1534 1
1330 2079 1
1330 2240 1
1330 2258 1
1330 2335 1
1330 2479 1
1330 2496 1
1330 2530 1
1330 2537 1
1331 847 1
1331 2356 1
1332 388 1
1332 2582 1
1333 2447 1
1333 2612 1
1334 1253 1
1334 2337 1
1335 2329 1
1336 2116 1
1336 2531 1
1337 297 1
1337 2281 1
1338 179 1
1338 1956 1
1339 1643 1
1339 2604 1
1340 914 1
1340 1500 1
1342 1322 1
1342 2462 1
1343 1818 1
1343 2585 1
1344 2596 1
1345 2303 1
1345 2441 1
1346 1128 1
1346 1131 1
1347 1161 1
1347 2527 1
1348 674 1
1349 2271 1
1349 2611 1
1350 430 1
1350 995 1
1351 1801 1
1351 1853 1
1351 2611 1
1352 202 1
1352 824 1
1352 835 1
1352 1473 1
1352 1684 1
1352 2144 1
1352 2321 1
1352 2367 1
1352 2559 1
1352 2602 1
1352 2605 1
1353 2517 1
1353 2521 1
1353 2556 1
1354 979 1
1354 2371 1
1355 2061 1
1355 2511 1
1356 96 1
1356 817 1
1357 1136 1
1357 1203 1
1358 2329 1
1359 339 1
1359 1108 1
1360 1481 1
1360 2080 1
1361 1554 1
1361 2445 1
1362 1475 1
1362 2465 1
1363 92 1
1364 1839 1
1364 2106 1
1364 2308 1
1364 2321 1
1364 2588 1
1365 1300 1
1365 1967 1
1366 813 1
1366 1740 1
1367 1711 1
1367 2121 1
1367 2465 1
1368 2072 1
1368 2575 1
1369 1643 1
1370 143 1
1370 219 1
1371 534 1
1371 1700 1
1373 1946 1
1373 2552 1
1374 1755 1
1374 2163 1
1375 374 1
1375 1821 1
1376 835 1
1376 2597 1
1377 207 1
1377 391 1
1378 1587 1
1378 2215 1
1379 2584 1
1379 2614 1
1380 1643 1
1380 2270 1
1381 65 1
1381 2337 1
1382 1410 1
1382 2563 1
1383 1992 1
1383 2450 1
1384 2244 1
1384 2492 1
1384 2572 1
1384 2605 1
1385 582 1
1385 1767 1
1386 272 1
1386 354 1
1386 406 1
1386 849 1
1386 1080 1
1386 1303 1
1386 1330 1
1386 1501 1
1386 1534 1
1386 1826 1
1386 2335 1
1386 2408 1
1386 2454 1
1386 2479 1
1386 2488 1
1386 2496 1
1386 2530 1
1387 2447 1
1387 2477 1
1388 880 1
1388 2529 1
1389 2336 1
1389 2370 1
1390 490 1
1390 500 1
1391 413 1
1391 845 1
1392 2042 1
1392 2119 1
1392 2140 1
1393 829 1
1393 1878 1
1393 2035 1
1394 274 1
1394 1111 1
1395 1643 1
1395 2553 1
1396 1536 1
1396 2493 1
1397 266 1
1397 2569 1
1398 1955 1
1398 2331 1
1399 1410 1
1400 835 1
1400 1408 1
1401 1860 1
1401 1922 1
1402 993 1
1402 1055 1
1402 1644 1
1402 1663 1
1402 1802 1
1402 1905 1
1402 2002 1
1402 2134 1
1402 2289 1
1402 2357 1
1402 2412 1
1403 787 1
1403 2149 1
1404 2432 1
1404 2445 1
1405 2251 1
1405 2296 1
1406 1537 1
1406 2232 1
1407 99 1
1407 857 1
1407 1920 1
1408 1400 1
1408 2573 1
1409 617 1
1409 1481 1
1410 271 1
1410 835 1
1410 943 1
1410 1382 1
1410 1399 1
1410 1570 1
1410 2575 1
1411 2275 1
1412 1698 1
1412 1948 1
1413 223 1
1413 1891 1
1414 325 1
1414 384 1
1414 645 1
1414 1167 1
1414 1794 1
1414 1864 1
1414 1918 1
1414 1943 1
1414 1984 1
1414 2022 1
1414 2099 1
1414 2105 1
1414 2250 1
1414 2345 1
1414 2577 1
1414 2599 1
1416 1466 1
1416 1976 1
1416 2587 1
1417 1167 1
1417 1947 1
1418 1281 1
1418 1313 1
1419 1643 1
1419 2164 1
1420 1959 1
1420 2442 1
1420 2509 1
1420 2514 1
1420 2615 1
1421 1548 1
1421 1550 1
1422 1459 1
1422 1938 1
1423 318 1
1424 1506 1
1424 2370 1
1425 1456 1
1425 2054 1
1426 2544 1
1426 2603 1
1427 746 1
1427 2331 1
1428 762 1
1428 792 1
1428 1990 1
1428 2010 1
1428 2342 1
1429 824 1
1429 2272 1
1430 2296 1
1430 2535 1
1431 61 1
1431 2194 1
1432 1694 1
1432 1822 1
1433 1945 1
1433 2595 1
1434 1786 1
1434 1852 1
1435 828 1
1435 1759 1
1437 308 1
1437 1888 1
1438 2206 1
1438 2581 1
1439 1596 1
1439 1714 1
1440 677 1
1440 2422 1
1442 1526 1
1442 2133 1
1443 202 1
1443 530 1
1443 835 1
1443 1517 1
1443 1611 1
1443 1889 1
1443 2007 1
1443 2059 1
1443 2106 1
1443 2181 1
1443 2290 1
1443 2297 1
1443 2405 1
1443 2492 1
1443 2497 1
1443 2512 1
1443 2513 1
1443 2549 1
1443 2566 1
1443 2567 1
1443 2585 1
1443 2591 1
1443 2593 1
1443 2594 1
1443 2605 1
1443 2613 1
1443 2614 1
1444 343 1
1444 2349 1
1445 2020 1
1445 2021 1
1446 980 1
1447 835 1
1447 1565 1
1448 109 1
1448 2286 1
1449 1770 1
1449 2311 1
1450 205 1
1450 2354 1
1451 1068 1
1451 2575 1
1452 853 1
1452 2225 1
1453 340 1
1453 1233 1
1454 1177 1
1454 1850 1
1455 1544 1
1455 2270 1
1455 2458 1
1456 319 1
1456 1425 1
1456 2054 1
1456 2113 1
1456 2484 1
1457 1324 1
1457 1912 1
1458 792 1
1458 1973 1
1459 1422 1
1459 1666 1
1460 1719 1
1460 1981 1
1461 70 1
1461 848 1
1461 1921 1
1462 1280 1
1462 1906 1
1463 532 1
1463 1689 1
1464 571 1
1464 675 1
1465 1855 1
1465 1963 1
1466 1416 1
1466 1513 1
1466 1976 1
1467 2507 1
1467 2541 1
1468 1695 1
1468 2523 1
1469 1702 1
1469 2344 1
1470 2145 1
1470 2183 1
1470 2332 1
1471 2341 1
1471 2523 1
1472 202 1
1472 2290 1
1472 2590 1
1473 1106 1
1473 1352 1
1474 186 1
1474 1533 1
1475 1362 1
1475 2364 1
1475 2374 1
1476 223 1
1476 918 1
1477 2302 1
1477 2387 1
1478 2199 1
1478 2580 1
1479 292 1
1480 1896 1
1480 2009 1
1481 1360 1
1481 1409 1
1482 1240 1
1483 1726 1
1483 2327 1
1483 2407 1
1484 1646 1
1485 1232 1
1485 2166 1
1486 527 1
1487 2202 1
1488 1076 1
1488 2446 1
1489 870 1
1489 871 1
1490 1796 1
1490 1999 1
1490 2236 1
1490 2558 1
1491 658 1
1491 902 1
1491 1553 1
1491 2041 1
1491 2313 1
1491 2447 1
1491 2462 1
1492 2396 1
1492 2533 1
1493 1834 1
1493 1912 1
1493 2221 1
1494 2148 1
1495 860 1
1495 1325 1
1496 835 1
1496 2181 1
1497 755 1
1497 2306 1
1498 610 1
1498 2272 1
1499 2196 1
1499 2399 1
1500 1340 1
1500 1979 1
1501 1386 1
1501 1508 1
1502 835 1
1502 2112 1
1503 197 1
1503 2529 1
1504 2257 1
1505 1757 1
1505 2603 1
1506 1424 1
1506 2120 1
1507 615 1
1507 824 1
1507 1804 1
1507 1996 1
1507 1997 1
1507 2056 1
1507 2411 1
1507 2518 1
1507 2543 1
1507 2565 1
1507 2611 1
1508 1501 1
1508 2442 1
1509 1064 1
1509 2509 1
1510 288 1
1510 1511 1
1511 1510 1
1511 2451 1
1512 1167 1
1512 2599 1
1513 1466 1
1513 1594 1
1513 2118 1
1513 2131 1
1513 2212 1
1513 2378 1
1513 2487 1
1514 1523 1
1515 835 1
1515 1565 1
1516 1955 1
1516 2022 1
1516 2195 1
1516 2202 1
1516 2205 1
1517 835 1
1517 1443 1
1518 464 1
1518 1018 1
1519 548 1
1520 2469 1
1520 2604 1
1521 467 1
1521 2467 1
1522 2052 1
1523 1514 1
1523 1532 1
1524 208 1
1524 2157 1
1525 1670 1
1525 1865 1
1526 1442 1
1526 2011 1
1527 1824 1
1527 2487 1
1528 978 1
1529 292 1
1530 868 1
1530 1834 1
1531 2049 1
1531 2255 1
1532 1523 1
1532 2484 1
1533 1474 1
1533 1961 1
1534 1330 1
1534 1386 1
1535 1832 1
1536 1319 1
1536 1396 1
1536 2150 1
1536 2493 1
1536 2579 1
1537 501 1
1537 1406 1
1538 2260 1
1538 2564 1
1539 1980 1
1539 2042 1
1539 2119 1
1539 2220 1
1539 2494 1
1540 2384 1
1540 2562 1
1541 1094 1
1541 2209 1
1542 1951 1
1542 2364 1
1543 1869 1
1543 2213 1
1543 2535 1
1543 2564 1
1543 2607 1
1544 1455 1
1544 2292 1
1545 69 1
1545 2350 1
1546 1944 1
1546 2545 1
1547 835 1
1547 2370 1
1548 1421 1
1548 2370 1
1549 1124 1
1549 1746 1
1549 2180 1
1550 1421 1
1550 2299 1
1551 1073 1
1551 1268 1
1552 953 1
1552 2447 1
1553 1491 1
1553 1572 1
1553 2074 1
1553 2205 1
1553 2448 1
1554 1361 1
1554 2144 1
1555 866 1
1555 2359 1
1556 510 1
1556 511 1
1557 2227 1
1557 2316 1
1557 2501 1
1558 169 1
1558 1329 1
1558 1840 1
1558 1919 1
1558 2066 1
1558 2467 1
1559 1770 1
1559 1931 1
1560 672 1
1560 2013 1
1561 2504 1
1561 2593 1
1562 2066 1
1562 2277 1
1563 1159 1
1564 1592 1
1564 2611 1
1565 88 1
1565 1447 1
1565 1515 1
1565 1610 1
1566 530 1
1566 824 1
1566 835 1
1566 940 1
1566 1570 1
1566 2158 1
1566 2218 1
1566 2287 1
1566 2288 1
1566 2291 1
1566 2294 1
1566 2308 1
1566 2381 1
1566 2451 1
1566 2502 1
1566 2519 1
1566 2522 1
1566 2536 1
1566 2540 1
1566 2549 1
1566 2558 1
1566 2561 1
1566 2576 1
1566 2584 1
1566 2593 1
1566 2594 1
1566 2614 1
1567 2558 1
1568 2198 1
1568 2567 1
1569 1100 1
1569 1751 1
1570 202 1
1570 530 1
1570 824 1
1570 835 1
1570 940 1
1570 1410 1
1570 1566 1
1570 2059 1
1570 2151 1
1570 2173 1
1570 2174 1
1570 2191 1
1570 2290 1
1570 2291 1
1570 2356 1
1570 2381 1
1570 2432 1
1570 2451 1
1570 2502 1
1570 2519 1
1570 2522 1
1570 2536 1
1570 2540 1
1570 2561 1
1570 2566 1
1570 2570 1
1570 2576 1
1570 2584 1
1570 2593 1
1570 2614 1
1571 2182 1
1571 2267 1
1572 1296 1
1572 1553 1
1573 1600 1
1573 2207 1
1574 2015 1
1575 1026 1
1575 1691 1
1576 2094 1
1576 2145 1
1576 2615 1
1577 223 1
1577 1717 1
1577 2322 1
1577 2463 1
1577 2503 1
1578 342 1
1578 2361 1
1579 1009 1
1579 1784 1
1580 2003 1
1580 2068 1
1581 2347 1
1581 2599 1
1582 790 1
1582 2190 1
1583 604 1
1583 721 1
1584 679 1
1584 1773 1
1585 2030 1
1585 2169 1
1585 2200 1
1585 2386 1
1586 1204 1
1586 2397 1
1587 1378 1
1587 1941 1
1587 2055 1
1587 2215 1
1588 2178 1
1588 2334 1
1589 1656 1
1589 2056 1
1589 2351 1
1589 2403 1
1589 2434 1
1589 2543 1
1589 2611 1
1590 530 1
1590 2588 1
1591 1162 1
1591 2266 1
1592 886 1
1592 1564 1
1593 1082 1
1594 1513 1
1594 2131 1
1595 1065 1
1595 1626 1
1595 2077 1
1595 2082 1
1595 2233 1
1596 1324 1
1596 1439 1
1597 63 1
1597 1621 1
1598 274 1
1598 1111 1
1599 1600 1
1599 2207 1
1600 1573 1
1600 1599 1
1601 1603 1
1601 2390 1
1602 779 1
1602 1139 1
1603 1601 1
1603 1792 1
1604 471 1
1604 2268 1
1605 2413 1
1605 2436 1
1606 282 1
1606 797 1
1607 1994 1
1607 2560 1
1608 603 1
1608 2162 1
1609 791 1
1609 1707 1
1609 2123 1
1609 2238 1
1609 2554 1
1610 835 1
1610 1565 1
1611 835 1
1611 1443 1
1612 796 1
1612 835 1
1613 478 1
1613 2073 1
1614 808 1
1614 1927 1
1615 2085 1
1615 2295 1
1616 2054 1
1616 2468 1
1617 217 1
1617 2495 1
1618 1627 1
1618 2346 1
1618 2370 1
1618 2440 1
1618 2590 1
1618 2600 1
1619 2461 1
1619 2574 1
1620 2257 1
1620 2464 1
1621 1157 1
1621 1597 1
1622 2303 1
1622 2485 1
1623 2334 1
1624 925 1
1624 2212 1
1625 927 1
1625 2060 1
1626 1595 1
1626 2489 1
1627 1618 1
1627 1793 1
1627 1798 1
1627 2346 1
1627 2571 1
1628 146 1
1628 731 1
1629 2067 1
1629 2399 1
1630 2125 1
1630 2589 1
1631 551 1
1632 246 1
1632 684 1
1633 223 1
1633 2583 1
1634 2193 1
1634 2247 1
1635 2213 1
1636 364 1
1636 2535 1
1637 2209 1
1637 2552 1
1638 2359 1
1638 2443 1
1639 113 1
1639 674 1
1640 223 1
1640 2583 1
1641 2467 1
1642 456 1
1642 525 1
1643 68 1
1643 118 1
1643 425 1
1643 428 1
1643 482 1
1643 698 1
1643 699 1
1643 700 1
1643 734 1
1643 794 1
1643 802 1
1643 1091 1
1643 1098 1
1643 1120 1
1643 1184 1
1643 1197 1
1643 1326 1
1643 1339 1
1643 1369 1
1643 1380 1
1643 1395 1
1643 1419 1
1643 1659 1
1643 1672 1
1643 1675 1
1643 1745 1
1643 1759 1
1643 1771 1
1643 2017 1
1643 2022 1
1643 2054 1
1643 2092 1
1643 2107 1
1643 2152 1
1643 2164 1
1643 2224 1
1643 2265 1
1643 2295 1
1643 2303 1
1643 2304 1
1643 2353 1
1643 2358 1
1643 2365 1
1643 2402 1
1643 2467 1
1643 2534 1
1643 2577 1
1643 2595 1
1644 1402 1
1644 2211 1
1645 2316 1
1646 1484 1
1646 2030 1
1646 2190 1
1646 2267 1
1647 323 1
1647 2236 1
1648 2233 1
1648 2511 1
1649 484 1
1649 1650 1
1649 1651 1
1649 2130 1
1649 2391 1
1649 2550 1
1649 2595 1
1650 1649 1
1650 2595 1
1651 1649 1
1651 2595 1
1652 2036 1
1652 2227 1
1653 1964 1
1653 2439 1
1653 2579 1
1654 837 1
1654 2427 1
1655 259 1
1655 678 1
1656 752 1
1656 1589 1
1656 2219 1
1656 2232 1
1656 2287 1
1656 2296 1
1656 2308 1
1656 2566 1
1656 2568 1
1657 268 1
1657 1198 1
1658 1769 1
1659 1643 1
1659 2166 1
1660 2029 1
1660 2198 1
1661 240 1
1661 2166 1
1662 916 1
1662 983 1
1663 1402 1
1663 2211 1
1664 789 1
1664 2111 1
1665 980 1
1665 2546 1
1666 1459 1
1666 1938 1
1667 2476 1
1667 2580 1
1668 1891 1
1668 1965 1
1668 2187 1
1668 2409 1
1668 2444 1
1668 2478 1
1668 2483 1
1669 762 1
1669 2227 1
1670 757 1
1670 1525 1
1671 2257 1
1671 2464 1
1672 1643 1
1672 2152 1
1673 2139 1
1674 2199 1
1674 2412 1
1675 1643 1
1675 2604 1
1676 957 1
1676 1800 1
1676 1893 1
1677 2203 1
1677 2380 1
1678 822 1
1678 2466 1
1679 671 1
1679 985 1
1680 860 1
1680 2612 1
1681 383 1
1681 685 1
1682 318 1
1683 2567 1
1683 2610 1
1684 1352 1
1684 2490 1
1685 1744 1
1685 2548 1
1686 2495 1
1686 2555 1
1687 587 1
1687 1802 1
1689 433 1
1689 1463 1
1690 1863 1
1690 2556 1
1691 1575 1
1691 2555 1
1692 2304 1
1692 2569 1
1693 379 1
1693 2119 1
1694 1432 1
1694 2119 1
1695 726 1
1695 1468 1
1696 2146 1
1696 2560 1
1697 2401 1
1697 2562 1
1698 1412 1
1698 1859 1
1699 2401 1
1699 2562 1
1700 546 1
1700 1371 1
1701 2081 1
1701 2167 1
1702 1469 1
1702 1703 1
1703 1702 1
1703 2344 1
1704 353 1
1704 1823 1
1705 725 1
1705 1310 1
1705 2122 1
1705 2419 1
1706 1322 1
1706 2141 1
1707 769 1
1707 1609 1
1707 2123 1
1707 2282 1
1707 2495 1
1708 531 1
1708 1971 1
1709 2229 1
1709 2418 1
1710 1925 1
1710 2347 1
1711 1367 1
1711 1756 1
1711 1875 1
1711 1934 1
1711 2425 1
1711 2435 1
1711 2545 1
1711 2560 1
1712 657 1
1712 2610 1
1713 258 1
1713 1019 1
1713 2012 1
1714 1439 1
1714 2398 1
1715 2031 1
1715 2221 1
1716 2065 1
1716 2138 1
1717 1577 1
1717 2596 1
1718 534 1
1719 1460 1
1719 2232 1
1720 2091 1
1720 2606 1
1721 660 1
1721 1799 1
1722 1917 1
1722 2019 1
1723 2364 1
1723 2596 1
1724 706 1
1724 1305 1
1725 2157 1
1725 2511 1
1726 1483 1
1726 2327 1
1727 2076 1
1727 2554 1
1728 825 1
1728 2486 1
1729 2056 1
1729 2603 1
1730 1255 1
1730 1279 1
1730 1967 1
1730 2000 1
1731 2340 1
1732 1743 1
1732 2529 1
1733 1885 1
1733 2465 1
1734 350 1
1734 2567 1
1735 211 1
1735 509 1
1735 944 1
1735 1140 1
1735 1854 1
1736 1847 1
1736 1883 1
1737 1738 1
1737 1874 1
1737 2566 1
1738 1737 1
1738 1811 1
1739 1185 1
1739 2303 1
1740 1366 1
1740 2136 1
1741 364 1
1742 664 1
1742 741 1
1743 1732 1
1743 2217 1
1744 1685 1
1744 1825 1
1745 1264 1
1745 1643 1
1746 1549 1
1746 2525 1
1747 2359 1
1747 2443 1
1748 1323 1
1748 2551 1
1749 66 1
1749 81 1
1750 2407 1
1751 1569 1
1751 2195 1
1752 2203 1
1752 2380 1
1753 580 1
1753 2263 1
1754 1014 1
1754 2490 1
1755 1374 1
1755 2298 1
1756 1234 1
1756 1711 1
1757 1505 1
1757 2336 1
1758 2309 1
1758 2430 1
1759 1435 1
1759 1643 1
1760 1117 1
1760 1839 1
1761 113 1
1761 2469 1
1762 2215 1
1762 2542 1
1763 2241 1
1763 2303 1
1764 622 1
1764 2523 1
1765 973 1
1765 1929 1
1766 1892 1
1766 2368 1
1767 417 1
1767 1385 1
1768 2450 1
1768 2493 1
1769 1658 1
1770 1449 1
1770 1559 1
1770 1783 1
1770 2050 1
1770 2087 1
1770 2270 1
1770 2369 1
1770 2587 1
1771 1643 1
1771 2402 1
1772 1314 1
1773 418 1
1773 924 1
1773 1584 1
1774 2087 1
1774 2292 1
1774 2543 1
1775 1152 1
1775 2143 1
1776 507 1
1776 1123 1
1777 2482 1
1777 2503 1
1778 526 1
1778 659 1
1779 2176 1
1779 2450 1
1780 2410 1
1780 2489 1
1781 462 1
1781 2035 1
1781 2376 1
1782 1992 1
1782 2068 1
1783 355 1
1783 1770 1
1784 1579 1
1784 2384 1
1785 1788 1
1785 2033 1
1786 1434 1
1786 2506 1
1787 291 1
1787 1146 1
1788 1785 1
1788 2300 1
1789 476 1
1789 2317 1
1790 2088 1
1790 2186 1
1791 1007 1
1791 1048 1
1792 1603 1
1792 2048 1
1793 1627 1
1793 2014 1
1793 2132 1
1793 2321 1
1793 2360 1
1793 2428 1
1793 2590 1
1793 2600 1
1794 1414 1
1794 2047 1
1795 583 1
1795 832 1
1796 1490 1
1796 2236 1
1797 489 1
1797 2581 1
1798 1627 1
1798 2259 1
1798 2428 1
1798 2446 1
1798 2539 1
1798 2564 1
1798 2590 1
1798 2600 1
1799 1721 1
1799 2612 1
1800 1676 1
1800 2543 1
1801 1351 1
1801 2611 1
1802 1402 1
1802 1687 1
1802 2581 1
1803 1039 1
1803 2432 1
1804 1507 1
1804 2611 1
1805 729 1
1805 1201 1
1806 756 1
1806 1293 1
1807 1090 1
1807 2546 1
1808 2441 1
1808 2553 1
1809 2056 1
1810 590 1
1810 2612 1
1811 380 1
1811 1738 1
1812 137 1
1812 1975 1
1813 683 1
1813 2404 1
1814 1118 1
1814 2390 1
1815 1871 1
1815 2194 1
1816 348 1
1816 2321 1
1817 2369 1
1817 2459 1
1817 2604 1
1818 264 1
1818 1343 1
1818 2476 1
1818 2560 1
1818 2580 1
1819 483 1
1819 2605 1
1820 1897 1
1820 1902 1
1821 1375 1
1821 2253 1
1822 1432 1
1822 2119 1
1823 1704 1
1823 2485 1
1824 544 1
1824 1527 1
1825 1744 1
1825 2548 1
1826 1054 1
1826 1386 1
1827 835 1
1828 2302 1
1828 2387 1
1829 1990 1
1829 2342 1
1830 51 1
1830 2447 1
1831 2042 1
1831 2119 1
1831 2220 1
1831 2494 1
1832 1535 1
1832 1841 1
1833 814 1
1833 854 1
1834 1493 1
1834 1530 1
1835 802 1
1835 1900 1
1835 2358 1
1835 2553 1
1836 447 1
1836 2173 1
1837 1846 1
1837 2238 1
1838 2378 1
1838 2413 1
1839 1364 1
1839 1760 1
1840 1558 1
1841 1832 1
1841 2480 1
1842 836 1
1842 2404 1
1843 277 1
1843 314 1
1843 522 1
1843 1099 1
1843 1257 1
1843 1851 1
1843 1970 1
1843 2133 1
1843 2314 1
1844 2258 1
1844 2408 1
1844 2454 1
1844 2457 1
1845 1046 1
1845 2207 1
1846 1837 1
1846 2495 1
1847 499 1
1847 1736 1
1848 2395 1
1848 2499 1
1849 2188 1
1849 2437 1
1850 466 1
1850 1454 1
1851 1843 1
1851 2314 1
1852 1434 1
1852 2506 1
1853 669 1
1853 1351 1
1853 1994 1
1853 2115 1
1853 2225 1
1853 2425 1
1853 2580 1
1854 1735 1
1855 1465 1
1855 2027 1
1856 2321 1
1856 2393 1
1857 2100 1
1857 2474 1
1858 2036 1
1858 2227 1
1859 1698 1
1859 1948 1
1860 1401 1
1860 1904 1
1861 1991 1
1862 2392 1
1862 2569 1
1863 1690 1
1863 2118 1
1864 384 1
1864 1414 1
1865 1525 1
1865 2383 1
1866 971 1
1866 1877 1
1867 1989 1
1867 2239 1
1868 2364 1
1868 2374 1
1868 2435 1
1868 2483 1
1869 1543 1
1869 2158 1
1869 2259 1
1870 256 1
1870 1990 1
1871 818 1
1871 1815 1
1872 251 1
1872 565 1
1873 2467 1
1874 1737 1
1875 1711 1
1875 2545 1
1876 205 1
1876 2354 1
1877 1866 1
1877 1881 1
1877 1886 1
1878 1393 1
1878 2323 1
1879 890 1
1879 1058 1
1880 365 1
1880 2573 1
1881 1877 1
1882 2076 1
1882 2554 1
1883 542 1
1883 1736 1
1884 1986 1
1884 2455 1
1885 1733 1
1885 2543 1
1886 257 1
1886 1877 1
1887 2370 1
1887 2549 1
1888 308 1
1888 318 1
1888 1437 1
1888 2270 1
1889 835 1
1889 1443 1
1890 2203 1
1890 2380 1
1891 223 1
1891 954 1
1891 1413 1
1891 1668 1
1891 2377 1
1891 2507 1
1891 2541 1
1891 2574 1
1891 2583 1
1892 1322 1
1892 1766 1
1893 348 1
1893 1676 1
1893 2087 1
1893 2424 1
1894 2291 1
1894 2363 1
1895 835 1
1895 1125 1
1896 1480 1
1896 2018 1
1897 1006 1
1897 1820 1
1898 1969 1
1898 1996 1
1899 1927 1
1899 2223 1
1899 2331 1
1899 2426 1
1899 2470 1
1899 2486 1
1900 1835 1
1900 2547 1
1900 2603 1
1901 815 1
1901 1320 1
1902 1820 1
1902 2090 1
1902 2373 1
1902 2575 1
1902 2605 1
1903 2379 1
1903 2470 1
1904 1860 1
1904 1922 1
1905 1402 1
1905 2002 1
1906 463 1
1906 1462 1
1906 1968 1
1906 2094 1
1906 2396 1
1907 561 1
1907 2162 1
1908 139 1
1908 390 1
1909 1287 1
1909 2364 1
1910 2316 1
1911 761 1
1911 1084 1
1912 1457 1
1912 1493 1
1913 267 1
1913 349 1
1914 263 1
1914 2078 1
1915 1937 1
1915 2333 1
1915 2371 1
1916 78 1
1916 1137 1
1917 1722 1
1917 2019 1
1918 637 1
1918 1159 1
1918 1414 1
1918 2330 1
1918 2467 1
1919 169 1
1919 1558 1
1920 835 1
1920 1407 1
1921 848 1
1921 1461 1
1922 1401 1
1922 1904 1
1923 141 1
1923 795 1
1924 2359 1
1924 2443 1
1925 1710 1
1925 2250 1
1926 253 1
1926 869 1
1927 1614 1
1927 1899 1
1927 2223 1
1927 2371 1
1927 2426 1
1928 744 1
1928 1317 1
1929 1130 1
1929 1765 1
1930 2512 1
1930 2567 1
1931 1559 1
1931 2292 1
1932 952 1
1932 2129 1
1932 2235 1
1932 2274 1
1932 2278 1
1932 2320 1
1932 2324 1
1932 2557 1
1932 2597 1
1932 2615 1
1933 2321 1
1933 2393 1
1933 2607 1
1934 1192 1
1934 1711 1
1935 1065 1
1935 2233 1
1936 2302 1
1936 2387 1
1937 1915 1
1937 2333 1
1938 1422 1
1938 1666 1
1939 656 1
1939 1297 1
1940 2034 1
1940 2583 1
1941 1587 1
1941 2055 1
1942 897 1
1942 898 1
1943 94 1
1943 1414 1
1944 1077 1
1944 1546 1
1945 931 1
1945 1433 1
1946 1373 1
1946 2006 1
1947 1417 1
1947 2598 1
1948 1412 1
1948 1859 1
1949 626 1
1949 2001 1
1950 2112 1
1950 2181 1
1951 132 1
1951 1542 1
1952 1121 1
1952 2477 1
1953 262 1
1953 701 1
1954 286 1
1954 834 1
1955 1398 1
1955 1516 1
1956 179 1
1956 1338 1
1957 900 1
1957 2449 1
1958 839 1
1958 889 1
1959 1420 1
1959 2442 1
1960 1980 1
1960 2611 1
1961 1533 1
1961 2509 1
1962 55 1
1962 2013 1
1962 2273 1
1963 1465 1
1963 2027 1
1964 1653 1
1964 2439 1
1965 1668 1
1965 2351 1
1966 86 1
1966 2370 1
1967 1365 1
1967 1730 1
1968 1906 1
1968 2442 1
1969 917 1
1969 1898 1
1970 1843 1
1970 2314 1
1971 180 1
1971 1708 1
1972 2504 1
1972 2564 1
1973 1458 1
1973 2012 1
1974 2065 1
1974 2138 1
1975 963 1
1975 1812 1
1976 1416 1
1976 1466 1
1977 439 1
1977 2180 1
1978 2271 1
1978 2611 1
1979 1500 1
1979 1980 1
1980 221 1
1980 914 1
1980 1286 1
1980 1539 1
1980 1960 1
1980 1979 1
1980 1995 1
1980 2008 1
1980 2119 1
1980 2234 1
1980 2310 1
1980 2344 1
1980 2353 1
1980 2365 1
1980 2394 1
1980 2459 1
1980 2517 1
1980 2520 1
1980 2521 1
1980 2538 1
1980 2556 1
1981 62 1
1981 1460 1
1982 530 1
1982 2290 1
1982 2370 1
1982 2375 1
1982 2502 1
1982 2519 1
1982 2536 1
1982 2540 1
1982 2572 1
1982 2588 1
1983 594 1
1983 2085 1
1983 2555 1
1984 94 1
1984 1167 1
1984 1414 1
1984 2092 1
1984 2608 1
1985 835 1
1985 2112 1
1985 2370 1
1986 1884 1
1986 2125 1
1986 2589 1
1987 293 1
1987 636 1
1987 2110 1
1988 2082 1
1988 2421 1
1988 2489 1
1989 1867 1
1989 2275 1
1990 1428 1
1990 1829 1
1990 1870 1
1990 2010 1
1991 517 1
1991 1861 1
1992 1383 1
1992 1782 1
1992 2579 1
1993 2188 1
1993 2523 1
1994 1607 1
1994 1853 1
1994 1996 1
1995 1980 1
1995 2119 1
1995 2208 1
1996 1507 1
1996 1898 1
1996 1994 1
1996 1997 1
1996 2144 1
1996 2198 1
1996 2315 1
1997 1507 1
1997 1996 1
1997 2144 1
1998 2083 1
1998 2286 1
1998 2305 1
1999 437 1
1999 738 1
1999 1490 1
2000 1294 1
2000 1730 1
2001 941 1
2001 1949 1
2001 2096 1
2001 2507 1
2001 2541 1
2002 1402 1
2002 1905 1
2002 2547 1
2003 1580 1
2003 2348 1
2003 2372 1
2004 457 1
2004 1254 1
2004 2330 1
2005 570 1
2005 835 1
2005 1000 1
2006 555 1
2006 679 1
2006 1946 1
2007 781 1
2007 1443 1
2007 2606 1
2008 1980 1
2008 2197 1
2008 2365 1
2009 615 1
2009 1480 1
2009 2018 1
2010 76 1
2010 1428 1
2010 1990 1
2011 906 1
2011 1526 1
2011 2133 1
2012 258 1
2012 1713 1
2012 1973 1
2013 291 1
2013 1560 1
2013 1962 1
2014 1793 1
2015 1574 1
2015 2256 1
2016 752 1
2016 2566 1
2016 2568 1
2017 1643 1
2017 2037 1
2017 2392 1
2018 223 1
2018 615 1
2018 1896 1
2018 2009 1
2018 2214 1
2018 2216 1
2018 2412 1
2019 994 1
2019 1722 1
2019 1917 1
2019 2194 1
2020 772 1
2020 1445 1
2020 2120 1
2021 309 1
2021 1261 1
2021 1445 1
2022 1414 1
2022 1516 1
2022 1643 1
2022 2105 1
2022 2250 1
2022 2307 1
2023 175 1
2023 2321 1
2023 2535 1
2025 293 1
2025 1245 1
2025 2110 1
2026 448 1
2026 652 1
2026 1119 1
2027 72 1
2027 112 1
2027 754 1
2027 1855 1
2027 1963 1
2028 81 1
2028 2289 1
2028 2481 1
2029 862 1
2029 1660 1
2029 2178 1
2030 1585 1
2030 1646 1
2030 2573 1
2031 1715 1
2031 2331 1
2032 1159 1
2032 2302 1
2032 2387 1
2033 1785 1
2033 2144 1
2033 2367 1
2034 1940 1
2034 2507 1
2034 2541 1
2034 2583 1
2035 962 1
2035 1393 1
2035 1781 1
2035 2042 1
2035 2119 1
2035 2220 1
2035 2261 1
2035 2494 1
2036 1652 1
2036 1858 1
2036 2508 1
2037 635 1
2037 668 1
2037 2017 1
2038 777 1
2038 2331 1
2039 823 1
2039 1129 1
2039 2069 1
2040 2135 1
2040 2227 1
2040 2316 1
2040 2501 1
2041 1491 1
2041 2462 1
2041 2516 1
2042 1392 1
2042 1539 1
2042 1831 1
2042 2035 1
2042 2119 1
2042 2220 1
2042 2323 1
2042 2386 1
2042 2402 1
2042 2494 1
2043 2456 1
2043 2527 1
2043 2601 1
2044 2058 1
2044 2125 1
2044 2589 1
2045 94 1
2045 2130 1
2046 94 1
2046 2089 1
2046 2126 1
2047 1794 1
2047 2599 1
2047 2608 1
2048 1792 1
2048 2049 1
2048 2255 1
2049 1531 1
2049 2048 1
2049 2060 1
2050 661 1
2050 862 1
2050 1770 1
2051 2053 1
2051 2113 1
2051 2531 1
2052 1522 1
2053 929 1
2053 1104 1
2053 2051 1
2054 1425 1
2054 1456 1
2054 1616 1
2054 1643 1
2054 2279 1
2054 2312 1
2054 2468 1
2054 2484 1
2054 2485 1
2054 2546 1
2055 1587 1
2055 1941 1
2056 1507 1
2056 1589 1
2056 1729 1
2056 1809 1
2056 2249 1
2056 2339 1
2056 2346 1
2056 2403 1
2056 2586 1
2056 2592 1
2056 2610 1
2057 2129 1
2057 2235 1
2057 2274 1
2058 1250 1
2058 2044 1
2059 1443 1
2059 1570 1
2059 2259 1
2060 1625 1
2060 2049 1
2060 2255 1
2061 1355 1
2061 2340 1
2061 2612 1
2062 2243 1
2062 2348 1
2062 2372 1
2063 169 1
2063 787 1
2063 2328 1
2064 265 1
2064 2544 1
2064 2603 1
2065 980 1
2065 1716 1
2065 1974 1
2066 169 1
2066 1558 1
2066 1562 1
2066 2242 1
2066 2520 1
2067 1629 1
2067 2155 1
2068 356 1
2068 1580 1
2068 1782 1
2068 2176 1
2068 2243 1
2068 2348 1
2068 2372 1
2069 799 1
2069 2039 1
2069 2095 1
2070 415 1
2070 1281 1
2070 1313 1
2071 2317 1
2071 2517 1
2071 2521 1
2072 1368 1
2072 2090 1
2072 2106 1
2073 279 1
2073 1011 1
2073 1613 1
2074 302 1
2074 1553 1
2074 2325 1
2075 372 1
2075 800 1
2075 905 1
2076 1228 1
2076 1727 1
2076 1882 1
2077 1144 1
2077 1595 1
2077 2082 1
2078 1914 1
2078 2493 1
2078 2579 1
2079 1330 1
2079 2457 1
2079 2537 1
2080 1360 1
2080 2192 1
2081 1701 1
2081 2232 1
2081 2490 1
2082 1595 1
2082 1988 1
2082 2077 1
2083 824 1
2083 1998 1
2083 2159 1
2084 187 1
2084 485 1
2084 776 1
2085 1615 1
2085 1983 1
2085 2365 1
2086 535 1
2086 536 1
2086 2366 1
2087 1770 1
2087 1774 1
2087 1893 1
2087 2452 1
2087 2506 1
2087 2532 1
2087 2543 1
2088 658 1
2088 1790 1
2088 2149 1
2089 1167 1
2089 2046 1
2089 2569 1
2090 1902 1
2090 2072 1
2090 2575 1
2091 835 1
2091 1166 1
2091 1720 1
2091 2181 1
2091 2572 1
2091 2606 1
2092 1643 1
2092 1984 1
2092 2250 1
2093 420 1
2093 2192 1
2093 2580 1
2094 438 1
2094 1576 1
2094 1906 1
2094 2213 1
2094 2396 1
2094 2600 1
2094 2615 1
2095 2069 1
2095 2247 1
2095 2462 1
2096 2001 1
2096 2507 1
2096 2541 1
2097 2575 1
2097 2605 1
2098 460 1
2098 1191 1
2098 2119 1
2099 94 1
2099 1414 1
2099 2250 1
2100 1857 1
2100 2453 1
2101 329 1
2101 458 1
2101 2103 1
2102 173 1
2102 1262 1
2102 2162 1
2103 2101 1
2103 2210 1
2103 2318 1
2104 369 1
2104 611 1
2104 737 1
2105 1414 1
2105 2022 1
2105 2345 1
2106 530 1
2106 1364 1
2106 1443 1
2106 2072 1
2106 2296 1
2106 2297 1
2106 2588 1
2106 2606 1
2107 787 1
2107 1643 1
2107 2285 1
2108 52 1
2108 541 1
2108 2341 1
2108 2437 1
2109 942 1
2109 2213 1
2109 2607 1
2110 1311 1
2110 1987 1
2110 2025 1
2111 148 1
2111 519 1
2111 1664 1
2112 1502 1
2112 1950 1
2112 1985 1
2113 1456 1
2113 2051 1
2114 2152 1
2114 2230 1
2114 2458 1
2115 1853 1
2115 2476 1
2115 2545 1
2115 2560 1
2115 2580 1
2116 308 1
2116 773 1
2116 1336 1
2117 1329 1
2117 2328 1
2117 2556 1
2118 326 1
2118 1513 1
2118 1863 1
2119 379 1
2119 1049 1
2119 1392 1
2119 1539 1
2119 1693 1
2119 1694 1
2119 1822 1
2119 1831 1
2119 1980 1
2119 1995 1
2119 2035 1
2119 2042 1
2119 2098 1
2119 2140 1
2119 2164 1
2119 2220 1
2119 2261 1
2119 2310 1
2119 2494 1
2119 2538 1
2119 2542 1
2120 71 1
2120 1506 1
2120 2020 1
2121 223 1
2121 957 1
2121 1367 1
2121 2142 1
2121 2276 1
2121 2409 1
2121 2425 1
2121 2435 1
2121 2444 1
2121 2461 1
2121 2478 1
2121 2491 1
2121 2574 1
2122 774 1
2122 1705 1
2122 2419 1
2123 1609 1
2123 1707 1
2123 2554 1
2124 2311 1
2124 2369 1
2124 2436 1
2125 114 1
2125 752 1
2125 903 1
2125 1630 1
2125 1986 1
2125 2044 1
2125 2283 1
2125 2373 1
2125 2455 1
2125 2505 1
2125 2589 1
2125 2615 1
2126 2046 1
2126 2165 1
2126 2608 1
2127 1132 1
2127 2216 1
2127 2284 1
2128 87 1
2128 676 1
2128 923 1
2129 1932 1
2129 2057 1
2129 2514 1
2130 484 1
2130 1649 1
2130 2045 1
2130 2595 1
2131 1513 1
2131 1594 1
2131 2598 1
2132 1793 1
2132 2592 1
2133 167 1
2133 1442 1
2133 1843 1
2133 2011 1
2133 2314 1
2134 1402 1
2134 2206 1
2134 2357 1
2134 2547 1
2134 2581 1
2135 469 1
2135 843 1
2135 2040 1
2136 405 1
2136 1071 1
2136 1308 1
2136 1740 1
2137 753 1
2137 1150 1
2137 1316 1
2138 1716 1
2138 1974 1
2138 2447 1
2139 1673 1
2139 2584 1
2139 2614 1
2140 1392 1
2140 2119 1
2140 2261 1
2141 1325 1
2141 1706 1
2142 2121 1
2142 2574 1
2143 110 1
2143 1775 1
2144 530 1
2144 824 1
2144 1352 1
2144 1554 1
2144 1996 1
2144 1997 1
2144 2033 1
2144 2145 1
2144 2182 1
2144 2204 1
2144 2319 1
2144 2343 1
2144 2388 1
2144 2411 1
2144 2423 1
2144 2445 1
2144 2471 1
2144 2473 1
2144 2505 1
2144 2518 1
2144 2524 1
2144 2543 1
2144 2565 1
2144 2615 1
2145 763 1
2145 1315 1
2145 1470 1
2145 1576 1
2145 2144 1
2145 2332 1
2145 2388 1
2145 2456 1
2145 2615 1
2146 1696 1
2146 2351 1
2146 2429 1
2147 284 1
2147 629 1
2147 1096 1
2148 666 1
2148 1494 1
2149 124 1
2149 614 1
2149 1403 1
2149 2088 1
2149 2172 1
2149 2186 1
2149 2376 1
2150 1319 1
2150 1536 1
2151 1570 1
2151 2288 1
2151 2300 1
2151 2381 1
2151 2522 1
2151 2593 1
2151 2607 1
2151 2614 1
2152 1643 1
2152 1672 1
2152 2114 1
2153 308 1
2153 2382 1
2153 2555 1
2154 317 1
2154 989 1
2154 2309 1
2154 2430 1
2155 2067 1
2155 2399 1
2156 691 1
2156 801 1
2156 972 1
2157 159 1
2157 1524 1
2157 1725 1
2158 1566 1
2158 1869 1
2158 2266 1
2159 634 1
2159 934 1
2159 2083 1
2160 724 1
2160 855 1
2160 1056 1
2161 2321 1
2161 2367 1
2161 2526 1
2162 1608 1
2162 1907 1
2162 2102 1
2163 1374 1
2163 2228 1
2163 2598 1
2164 1419 1
2164 1643 1
2164 2119 1
2165 2126 1
2165 2347 1
2165 2550 1
2166 1485 1
2166 1659 1
2166 1661 1
2167 440 1
2167 1701 1
2167 2273 1
2168 980 1
2168 2448 1
2168 2516 1
2169 54 1
2169 426 1
2169 926 1
2169 1585 1
2169 2172 1
2169 2200 1
2169 2386 1
2170 930 1
2170 1159 1
2170 2598 1
2171 835 1
2171 1166 1
2171 2291 1
2171 2370 1
2172 462 1
2172 2149 1
2172 2169 1
2173 835 1
2173 1570 1
2173 1836 1
2174 530 1
2174 835 1
2174 1570 1
2174 2522 1
2174 2567 1
2174 2606 1
2175 381 1
2175 805 1
2176 210 1
2176 1779 1
2176 2068 1
2177 2280 1
2177 2386 1
2178 862 1
2178 1588 1
2178 2029 1
2178 2311 1
2179 678 1
2179 2597 1
2180 1549 1
2180 1977 1
2181 202 1
2181 445 1
2181 835 1
2181 838 1
2181 959 1
2181 1443 1
2181 1496 1
2181 1950 1
2181 2091 1
2181 2567 1
2182 835 1
2182 1571 1
2182 2144 1
2182 2389 1
2182 2524 1
2182 2532 1
2182 2543 1
2182 2611 1
2183 78 1
2183 632 1
2183 633 1
2183 1470 1
2183 2273 1
2183 2528 1
2184 75 1
2184 503 1
2184 2362 1
2185 2321 1
2185 2543 1
2185 2602 1
2186 658 1
2186 1790 1
2186 2149 1
2187 1668 1
2187 2444 1
2187 2478 1
2188 935 1
2188 1849 1
2188 1993 1
2189 2301 1
2189 2328 1
2189 2442 1
2190 1582 1
2190 1646 1
2190 2282 1
2191 835 1
2191 1570 1
2191 2291 1
2192 2080 1
2192 2093 1
2193 1634 1
2193 2247 1
2194 1431 1
2194 1815 1
2194 2019 1
2195 1516 1
2195 1751 1
2195 2205 1
2196 273 1
2196 1499 1
2196 2307 1
2197 2008 1
2197 2234 1
2197 2365 1
2198 1568 1
2198 1660 1
2198 1996 1
2199 1188 1
2199 1478 1
2199 1674 1
2200 94 1
2200 1585 1
2200 2169 1
2201 1159 1
2201 2520 1
2201 2603 1
2202 1487 1
2202 1516 1
2203 1677 1
2203 1752 1
2203 1890 1
2204 2144 1
2204 2445 1
2204 2505 1
2205 1516 1
2205 1553 1
2205 2195 1
2206 739 1
2206 1438 1
2206 2134 1
2207 1573 1
2207 1599 1
2207 1845 1
2208 1147 1
2208 1995 1
2208 2310 1
2209 1328 1
2209 1541 1
2209 1637 1
2209 2342 1
2209 2552 1
2210 2103 1
2210 2361 1
2210 2404 1
2211 1644 1
2211 1663 1
2211 2581 1
2212 1513 1
2212 1624 1
2212 2378 1
2213 413 1
2213 845 1
2213 1543 1
2213 1635 1
2213 2094 1
2213 2109 1
2213 2263 1
2213 2319 1
2213 2321 1
2213 2385 1
2213 2403 1
2213 2418 1
2213 2499 1
2213 2564 1
2213 2586 1
2213 2592 1
2213 2615 1
2214 223 1
2214 2018 1
2214 2377 1
2215 318 1
2215 1378 1
2215 1587 1
2215 1762 1
2216 2018 1
2216 2127 1
2216 2284 1
2217 766 1
2217 1743 1
2217 2415 1
2218 835 1
2218 1566 1
2218 2438 1
2219 1656 1
2219 2532 1
2219 2543 1
2220 1539 1
2220 1831 1
2220 2035 1
2220 2042 1
2220 2119 1
2220 2494 1
2221 997 1
2221 1493 1
2221 1715 1
2222 2507 1
2222 2541 1
2222 2583 1
2223 1899 1
2223 1927 1
2224 308 1
2224 1643 1
2224 2608 1
2225 555 1
2225 1452 1
2225 1853 1
2226 702 1
2226 2559 1
2226 2573 1
2227 671 1
2227 762 1
2227 1557 1
2227 1652 1
2227 1669 1
2227 1858 1
2227 2040 1
2227 2262 1
2227 2316 1
2228 308 1
2228 2163 1
2228 2295 1
2229 1709 1
2229 2338 1
2229 2515 1
2230 2114 1
2230 2310 1
2230 2458 1
2231 73 1
2231 2544 1
2231 2546 1
2232 413 1
2232 705 1
2232 1070 1
2232 1406 1
2232 1656 1
2232 1719 1
2232 2081 1
2232 2308 1
2233 1595 1
2233 1648 1
2233 1935 1
2234 1980 1
2234 2197 1
2234 2365 1
2235 1932 1
2235 2057 1
2235 2514 1
2236 1490 1
2236 1647 1
2236 1796 1
2237 2517 1
2237 2521 1
2237 2529 1
2238 769 1
2238 1609 1
2238 1837 1
2239 1867 1
2239 2275 1
2240 1330 1
2240 2335 1
2240 2479 1
2240 2496 1
2240 2530 1
2241 1158 1
2241 1763 1
2241 2281 1
2242 169 1
2242 2066 1
2242 2520 1
2243 322 1
2243 2062 1
2243 2068 1
2244 150 1
2244 235 1
2244 395 1
2244 1023 1
2244 1241 1
2244 1384 1
2244 2263 1
2244 2306 1
2244 2315 1
2244 2480 1
2245 94 1
2245 1167 1
2245 2569 1
2246 677 1
2246 2420 1
2246 2422 1
2247 1634 1
2247 2095 1
2247 2193 1
2248 2456 1
2248 2591 1
2248 2615 1
2249 2056 1
2249 2580 1
2249 2611 1
2250 1159 1
2250 1414 1
2250 1925 1
2250 2022 1
2250 2092 1
2250 2099 1
2250 2556 1
2250 2599 1
2250 2608 1
2251 1405 1
2251 2338 1
2251 2535 1
2252 835 1
2252 1310 1
2252 2416 1
2253 308 1
2253 1821 1
2253 2598 1
2254 222 1
2254 863 1
2254 2455 1
2255 1531 1
2255 2048 1
2255 2060 1
2256 913 1
2256 2015 1
2257 278 1
2257 364 1
2257 1504 1
2257 1620 1
2257 1671 1
2257 2349 1
2257 2464 1
2258 1330 1
2258 1844 1
2258 2454 1
2258 2488 1
2259 520 1
2259 1798 1
2259 1869 1
2259 2059 1
2259 2428 1
2259 2440 1
2259 2539 1
2259 2571 1
2259 2590 1
2259 2605 1
2260 1538 1
2260 2499 1
2260 2612 1
2261 2035 1
2261 2119 1
2261 2140 1
2262 2227 1
2262 2344 1
2262 2544 1
2263 845 1
2263 1753 1
2263 2213 1
2263 2244 1
2263 2401 1
2263 2480 1
2263 2562 1
2263 2564 1
2264 2414 1
2264 2473 1
2264 2563 1
2265 1159 1
2265 1643 1
2265 2365 1
2266 716 1
2266 835 1
2266 1162 1
2266 1591 1
2266 2158 1
2266 2355 1
2266 2356 1
2266 2363 1
2266 2370 1
2266 2451 1
2266 2549 1
2266 2576 1
2267 1571 1
2267 1646 1
2267 2336 1
2268 1604 1
2268 2352 1
2268 2501 1
2269 331 1
2269 876 1
2269 1186 1
2270 1380 1
2270 1455 1
2270 1770 1
2270 1888 1
2270 2458 1
2270 2459 1
2270 2460 1
2271 1349 1
2271 1978 1
2271 2611 1
2272 1429 1
2272 1498 1
2272 2471 1
2273 1962 1
2273 2167 1
2273 2183 1
2274 1932 1
2274 2057 1
2274 2514 1
2275 1411 1
2275 1989 1
2275 2239 1
2276 835 1
2276 2121 1
2276 2465 1
2276 2491 1
2277 169 1
2277 787 1
2277 1562 1
2278 1932 1
2278 2418 1
2278 2535 1
2279 1316 1
2279 2054 1
2279 2460 1
2280 1052 1
2280 2177 1
2280 2299 1
2281 308 1
2281 856 1
2281 1337 1
2281 2241 1
2281 2382 1
2281 2531 1
2281 2550 1
2281 2598 1
2282 1707 1
2282 2190 1
2282 2420 1
2283 1042 1
2283 2125 1
2283 2589 1
2284 2127 1
2284 2216 1
2285 1266 1
2285 2107 1
2285 2312 1
2285 2546 1
2286 824 1
2286 1301 1
2286 1448 1
2286 1998 1
2287 835 1
2287 1566 1
2287 1656 1
2287 2592 1
2288 835 1
2288 1086 1
2288 1566 1
2288 2151 1
2288 2522 1
2288 2584 1
2288 2593 1
2288 2594 1
2288 2614 1
2289 1402 1
2289 2028 1
2289 2469 1
2289 2481 1
2289 2603 1
2290 202 1
2290 835 1
2290 1443 1
2290 1472 1
2290 1570 1
2290 1982 1
2290 2566 1
2290 2593 1
2291 835 1
2291 1162 1
2291 1566 1
2291 1570 1
2291 1894 1
2291 2171 1
2291 2191 1
2291 2370 1
2291 2381 1
2291 2434 1
2291 2502 1
2291 2519 1
2291 2536 1
2291 2540 1
2291 2558 1
2291 2561 1
2291 2570 1
2291 2584 1
2291 2614 1
2292 563 1
2292 1544 1
2292 1774 1
2292 1931 1
2293 2461 1
2293 2476 1
2293 2574 1
2293 2580 1
2294 181 1
2294 835 1
2294 1566 1
2294 2429 1
2295 308 1
2295 588 1
2295 602 1
2295 1304 1
2295 1615 1
2295 1643 1
2295 2228 1
2296 315 1
2296 1251 1
2296 1405 1
2296 1430 1
2296 1656 1
2296 2106 1
2296 2308 1
2296 2433 1
2296 2535 1
2296 2566 1
2296 2568 1
2297 1443 1
2297 2106 1
2297 2497 1
2297 2513 1
2298 135 1
2298 980 1
2298 1755 1
2298 2577 1
2299 147 1
2299 1550 1
2299 2280 1
2299 2437 1
2300 824 1
2300 835 1
2300 1788 1
2300 2151 1
2301 169 1
2301 441 1
2301 2189 1
2301 2556 1
2302 1477 1
2302 1828 1
2302 1936 1
2302 2032 1
2303 816 1
2303 1345 1
2303 1622 1
2303 1643 1
2303 1739 1
2303 1763 1
2303 2449 1
2304 1013 1
2304 1643 1
2304 1692 1
2304 2604 1
2305 835 1
2305 1998 1
2305 2370 1
2305 2605 1
2306 204 1
2306 883 1
2306 884 1
2306 1138 1
2306 1497 1
2306 2244 1
2306 2315 1
2306 2475 1
2306 2480 1
2307 318 1
2307 980 1
2307 2022 1
2307 2196 1
2308 835 1
2308 1364 1
2308 1566 1
2308 1656 1
2308 2232 1
2308 2296 1
2308 2370 1
2308 2433 1
2308 2535 1
2308 2576 1
2309 283 1
2309 1758 1
2309 2154 1
2309 2430 1
2310 1980 1
2310 2119 1
2310 2208 1
2310 2230 1
2311 332 1
2311 512 1
2311 1449 1
2311 2124 1
2311 2178 1
2311 2369 1
2311 2436 1
2311 2498 1
2311 2510 1
2311 2587 1
2312 707 1
2312 2054 1
2312 2285 1
2312 2546 1
2313 658 1
2313 1210 1
2313 1491 1
2313 2447 1
2313 2516 1
2314 1843 1
2314 1851 1
2314 1970 1
2314 2133 1
2315 530 1
2315 1996 1
2315 2244 1
2315 2306 1
2315 2370 1
2315 2405 1
2315 2512 1
2315 2567 1
2315 2585 1
2315 2591 1
2315 2605 1
2315 2609 1
2315 2610 1
2316 1557 1
2316 1645 1
2316 1910 1
2316 2040 1
2316 2227 1
2316 2501 1
2316 2508 1
2317 339 1
2317 1789 1
2317 2071 1
2317 2368 1
2318 821 1
2318 2103 1
2318 2361 1
2318 2404 1
2319 1312 1
2319 2144 1
2319 2213 1
2319 2418 1
2319 2434 1
2319 2456 1
2319 2505 1
2319 2515 1
2319 2563 1
2319 2601 1
2320 888 1
2320 1932 1
2320 2367 1
2321 530 1
2321 957 1
2321 1039 1
2321 1306 1
2321 1352 1
2321 1364 1
2321 1793 1
2321 1816 1
2321 1856 1
2321 1933 1
2321 2023 1
2321 2161 1
2321 2185 1
2321 2213 1
2321 2338 1
2321 2339 1
2321 2367 1
2321 2393 1
2321 2410 1
2321 2416 1
2321 2431 1
2321 2504 1
2321 2526 1
2321 2535 1
2321 2582 1
2321 2586 1
2321 2592 1
2321 2607 1
2321 2615 1
2322 1111 1
2322 1577 1
2322 2378 1
2322 2587 1
2322 2596 1
2323 1142 1
2323 1878 1
2323 2042 1
2323 2376 1
2324 117 1
2324 461 1
2324 1212 1
2324 1932 1
2325 540 1
2325 1155 1
2325 2074 1
2326 183 1
2326 902 1
2326 2470 1
2326 2477 1
2327 1483 1
2327 1726 1
2327 2407 1
2328 169 1
2328 2063 1
2328 2117 1
2328 2189 1
2329 298 1
2329 722 1
2329 723 1
2329 1335 1
2329 1358 1
2330 190 1
2330 980 1
2330 1918 1
2330 2004 1
2331 1398 1
2331 1427 1
2331 1899 1
2331 2031 1
2331 2038 1
2332 495 1
2332 1470 1
2332 2145 1
2333 1915 1
2333 1937 1
2333 2362 1
2334 1588 1
2334 1623 1
2334 2447 1
2335 1330 1
2335 1386 1
2335 2240 1
2335 2537 1
2336 1389 1
2336 1757 1
2336 2267 1
2336 2495 1
2337 127 1
2337 1170 1
2337 1334 1
2337 1381 1
2338 2229 1
2338 2251 1
2338 2321 1
2338 2535 1
2339 2056 1
2339 2321 1
2339 2586 1
2339 2602 1
2340 1731 1
2340 2061 1
2340 2493 1
2341 276 1
2341 1471 1
2341 2108 1
2342 1428 1
2342 1829 1
2342 2209 1
2343 845 1
2343 2144 1
2343 2524 1
2343 2527 1
2344 1469 1
2344 1703 1
2344 1980 1
2344 2262 1
2345 1167 1
2345 1414 1
2345 2105 1
2345 2595 1
2346 1618 1
2346 1627 1
2346 2056 1
2346 2600 1
2347 1581 1
2347 1710 1
2347 2165 1
2347 2608 1
2348 635 1
2348 2003 1
2348 2062 1
2348 2068 1
2349 185 1
2349 1444 1
2349 2257 1
2350 144 1
2350 403 1
2350 896 1
2350 1545 1
2351 1589 1
2351 1965 1
2351 2146 1
2352 341 1
2352 555 1
2352 715 1
2352 2268 1
2353 301 1
2353 1643 1
2353 1980 1
2353 2439 1
2353 2551 1
2354 205 1
2354 1450 1
2354 1876 1
2355 2266 1
2355 2558 1
2355 2576 1
2356 1331 1
2356 1570 1
2356 2266 1
2356 2570 1
2357 1402 1
2357 2134 1
2357 2547 1
2357 2581 1
2358 802 1
2358 1643 1
2358 1835 1
2358 2553 1
2359 1555 1
2359 1638 1
2359 1747 1
2359 1924 1
2360 1793 1
2360 2605 1
2361 1270 1
2361 1578 1
2361 2210 1
2361 2318 1
2362 654 1
2362 655 1
2362 2184 1
2362 2333 1
2363 835 1
2363 940 1
2363 1894 1
2363 2266 1
2364 861 1
2364 1231 1
2364 1282 1
2364 1475 1
2364 1542 1
2364 1723 1
2364 1868 1
2364 1909 1
2364 2435 1
2364 2463 1
2365 145 1
2365 914 1
2365 986 1
2365 1163 1
2365 1643 1
2365 1980 1
2365 2008 1
2365 2085 1
2365 2197 1
2365 2234 1
2365 2265 1
2365 2394 1
2365 2467 1
2365 2534 1
2365 2604 1
2366 1166 1
2366 2086 1
2366 2438 1
2366 2572 1
2367 1352 1
2367 2033 1
2367 2161 1
2367 2320 1
2367 2321 1
2367 2423 1
2367 2505 1
2367 2611 1
2368 533 1
2368 1766 1
2368 2317 1
2368 2371 1
2369 1770 1
2369 1817 1
2369 2124 1
2369 2311 1
2369 2436 1
2369 2604 1
2370 202 1
2370 615 1
2370 824 1
2370 1162 1
2370 1389 1
2370 1424 1
2370 1547 1
2370 1548 1
2370 1618 1
2370 1887 1
2370 1966 1
2370 1982 1
2370 1985 1
2370 2171 1
2370 2266 1
2370 2291 1
2370 2305 1
2370 2308 1
2370 2315 1
2370 2375 1
2370 2381 1
2370 2405 1
2370 2432 1
2370 2434 1
2370 2438 1
2370 2472 1
2370 2492 1
2370 2505 1
2370 2512 1
2370 2518 1
2370 2539 1
2370 2561 1
2370 2567 1
2370 2572 1
2370 2576 1
2370 2584 1
2370 2585 1
2370 2591 1
2370 2594 1
2370 2613 1
2370 2614 1
2371 1354 1
2371 1915 1
2371 1927 1
2371 2368 1
2372 2003 1
2372 2062 1
2372 2068 1
2372 2579 1
2373 1902 1
2373 2125 1
2373 2535 1
2373 2589 1
2374 223 1
2374 1475 1
2374 1868 1
2374 2435 1
2375 1982 1
2375 2370 1
2375 2526 1
2375 2582 1
2376 462 1
2376 1781 1
2376 2149 1
2376 2323 1
2377 1891 1
2377 2214 1
2377 2491 1
2377 2596 1
2378 1513 1
2378 1838 1
2378 2212 1
2378 2322 1
2379 275 1
2379 608 1
2379 609 1
2379 1903 1
2380 414 1
2380 1677 1
2380 1752 1
2380 1890 1
2381 835 1
2381 1566 1
2381 1570 1
2381 2151 1
2381 2291 1
2381 2370 1
2381 2417 1
2381 2522 1
2381 2561 1
2381 2570 1
2381 2575 1
2381 2584 1
2381 2614 1
2382 2153 1
2382 2281 1
2382 2598 1
2383 494 1
2383 891 1
2383 892 1
2383 1865 1
2384 1093 1
2384 1540 1
2384 1784 1
2384 2559 1
2385 845 1
2385 2213 1
2385 2418 1
2385 2607 1
2386 54 1
2386 1585 1
2386 2042 1
2386 2169 1
2386 2177 1
2387 1477 1
2387 1828 1
2387 1936 1
2387 2032 1
2388 1315 1
2388 2144 1
2388 2145 1
2388 2456 1
2389 2182 1
2389 2411 1
2389 2524 1
2389 2565 1
2390 877 1
2390 1037 1
2390 1601 1
2390 1814 1
2391 94 1
2391 1649 1
2391 2569 1
2391 2595 1
2392 53 1
2392 584 1
2392 1862 1
2392 2017 1
2393 1856 1
2393 1933 1
2393 2321 1
2394 1980 1
2394 2365 1
2394 2534 1
2394 2548 1
2395 1189 1
2395 1848 1
2395 2499 1
2395 2612 1
2396 1492 1
2396 1906 1
2396 2094 1
2396 2573 1
2397 759 1
2397 1010 1
2397 1171 1
2397 1586 1
2398 1714 1
2398 2447 1
2398 2448 1
2398 2516 1
2399 1499 1
2399 1629 1
2399 2155 1
2400 311 1
2400 846 1
2400 1145 1
2400 2443 1
2401 339 1
2401 1697 1
2401 1699 1
2401 2263 1
2402 1326 1
2402 1643 1
2402 1771 1
2402 2042 1
2403 1589 1
2403 2056 1
2403 2213 1
2403 2418 1
2404 1813 1
2404 1842 1
2404 2210 1
2404 2318 1
2405 575 1
2405 835 1
2405 1443 1
2405 2315 1
2405 2370 1
2405 2406 1
2405 2512 1
2405 2567 1
2405 2585 1
2405 2591 1
2405 2609 1
2405 2610 1
2405 2613 1
2406 2405 1
2406 2567 1
2406 2585 1
2407 1483 1
2407 1750 1
2407 2327 1
2408 400 1
2408 1386 1
2408 1844 1
2408 2457 1
2409 1668 1
2409 2121 1
2409 2444 1
2409 2478 1
2410 1780 1
2410 2321 1
2410 2421 1
2410 2602 1
2411 1507 1
2411 2144 1
2411 2389 1
2411 2414 1
2411 2445 1
2411 2473 1
2411 2518 1
2411 2532 1
2411 2543 1
2411 2563 1
2411 2601 1
2412 1402 1
2412 1674 1
2412 2018 1
2412 2500 1
2413 136 1
2413 213 1
2413 597 1
2413 1605 1
2413 1838 1
2413 2424 1
2413 2467 1
2413 2543 1
2413 2603 1
2414 2264 1
2414 2411 1
2414 2423 1
2415 695 1
2415 696 1
2415 970 1
2415 2217 1
2416 2252 1
2416 2321 1
2416 2586 1
2416 2602 1
2417 835 1
2417 2381 1
2417 2561 1
2417 2570 1
2418 1709 1
2418 2213 1
2418 2278 1
2418 2319 1
2418 2385 1
2418 2403 1
2418 2433 1
2418 2535 1
2418 2564 1
2418 2601 1
2418 2607 1
2419 955 1
2419 1705 1
2419 2122 1
2420 2246 1
2420 2282 1
2420 2442 1
2420 2559 1
2421 885 1
2421 1988 1
2421 2410 1
2421 2489 1
2422 708 1
2422 1092 1
2422 1440 1
2422 2246 1
2423 2144 1
2423 2367 1
2423 2414 1
2423 2473 1
2424 398 1
2424 865 1
2424 1893 1
2424 2413 1
2425 1711 1
2425 1853 1
2425 2121 1
2426 1899 1
2426 1927 1
2426 2525 1
2427 78 1
2427 214 1
2427 682 1
2427 1654 1
2428 1793 1
2428 1798 1
2428 2259 1
2428 2571 1
2429 835 1
2429 2146 1
2429 2294 1
2429 2566 1
2429 2568 1
2430 840 1
2430 1758 1
2430 2154 1
2430 2309 1
2431 348 1
2431 2321 1
2431 2602 1
2431 2605 1
2431 2611 1
2432 678 1
2432 835 1
2432 1039 1
2432 1404 1
2432 1570 1
2432 1803 1
2432 2370 1
2432 2446 1
2432 2566 1
2432 2568 1
2432 2582 1
2432 2586 1
2432 2593 1
2433 2296 1
2433 2308 1
2433 2418 1
2433 2535 1
2434 835 1
2434 1589 1
2434 2291 1
2434 2319 1
2434 2370 1
2435 1711 1
2435 1868 1
2435 2121 1
2435 2364 1
2435 2374 1
2435 2545 1
2436 512 1
2436 862 1
2436 1605 1
2436 2124 1
2436 2311 1
2436 2369 1
2436 2498 1
2436 2510 1
2436 2587 1
2437 455 1
2437 649 1
2437 1849 1
2437 2108 1
2437 2299 1
2438 530 1
2438 1166 1
2438 2218 1
2438 2366 1
2438 2370 1
2439 1653 1
2439 1964 1
2439 2353 1
2439 2551 1
2440 1618 1
2440 2259 1
2440 2539 1
2440 2571 1
2440 2590 1
2440 2597 1
2440 2600 1
2441 750 1
2441 1167 1
2441 1175 1
2441 1345 1
2441 1808 1
2442 1420 1
2442 1508 1
2442 1959 1
2442 1968 1
2442 2189 1
2442 2420 1
2442 2509 1
2442 2514 1
2442 2615 1
2443 697 1
2443 1638 1
2443 1747 1
2443 1924 1
2443 2400 1
2444 904 1
2444 1668 1
2444 2121 1
2444 2187 1
2444 2409 1
2445 1361 1
2445 1404 1
2445 2144 1
2445 2204 1
2445 2411 1
2446 1488 1
2446 1798 1
2446 2432 1
2446 2567 1
2446 2571 1
2447 138 1
2447 616 1
2447 625 1
2447 658 1
2447 951 1
2447 1187 1
2447 1322 1
2447 1333 1
2447 1387 1
2447 1491 1
2447 1552 1
2447 1830 1
2447 2138 1
2447 2313 1
2447 2334 1
2447 2398 1
2447 2477 1
2447 2486 1
2447 2528 1
2448 1263 1
2448 1553 1
2448 2168 1
2448 2398 1
2448 2516 1
2449 665 1
2449 816 1
2449 1957 1
2449 2303 1
2450 595 1
2450 1383 1
2450 1768 1
2450 1779 1
2450 2579 1
2451 1511 1
2451 1566 1
2451 1570 1
2451 2266 1
2451 2605 1
2452 242 1
2452 1292 1
2452 2087 1
2453 232 1
2453 689 1
2453 2100 1
2453 2474 1
2454 827 1
2454 1386 1
2454 1844 1
2454 2258 1
2454 2457 1
2455 241 1
2455 1884 1
2455 2125 1
2455 2254 1
2455 2589 1
2456 763 1
2456 1059 1
2456 2043 1
2456 2145 1
2456 2248 1
2456 2319 1
2456 2388 1
2456 2515 1
2457 1844 1
2457 2079 1
2457 2408 1
2457 2454 1
2458 1455 1
2458 2114 1
2458 2230 1
2458 2270 1
2458 2604 1
2459 266 1
2459 1817 1
2459 1980 1
2459 2270 1
2459 2604 1
2460 94 1
2460 1167 1
2460 2270 1
2460 2279 1
2460 2598 1
2461 1619 1
2461 2121 1
2461 2293 1
2461 2465 1
2461 2574 1
2462 1342 1
2462 1491 1
2462 2041 1
2462 2095 1
2463 93 1
2463 392 1
2463 1577 1
2463 2364 1
2464 826 1
2464 1015 1
2464 1620 1
2464 1671 1
2464 2257 1
2465 1362 1
2465 1367 1
2465 1733 1
2465 2276 1
2465 2461 1
2465 2491 1
2465 2574 1
2466 376 1
2466 481 1
2466 686 1
2466 1060 1
2466 1678 1
2467 161 1
2467 893 1
2467 1521 1
2467 1558 1
2467 1641 1
2467 1643 1
2467 1873 1
2467 1918 1
2467 2365 1
2467 2413 1
2467 2534 1
2467 2597 1
2468 318 1
2468 319 1
2468 977 1
2468 1616 1
2468 2054 1
2468 2484 1
2468 2531 1
2469 842 1
2469 1153 1
2469 1520 1
2469 1761 1
2469 2289 1
2470 1187 1
2470 1899 1
2470 1903 1
2470 2326 1
2470 2525 1
2471 1041 1
2471 2144 1
2471 2272 1
2471 2527 1
2471 2601 1
2472 835 1
2472 1166 1
2472 2370 1
2472 2610 1
2473 2144 1
2473 2264 1
2473 2411 1
2473 2423 1
2474 423 1
2474 1857 1
2474 2453 1
2475 193 1
2475 2306 1
2475 2610 1
2475 2613 1
2476 1667 1
2476 1818 1
2476 2115 1
2476 2293 1
2476 2560 1
2477 980 1
2477 1387 1
2477 1952 1
2477 2326 1
2477 2447 1
2478 904 1
2478 1668 1
2478 2121 1
2478 2187 1
2478 2409 1
2479 1330 1
2479 1386 1
2479 2240 1
2479 2530 1
2479 2537 1
2480 1841 1
2480 2244 1
2480 2263 1
2480 2306 1
2481 2028 1
2481 2289 1
2482 835 1
2482 1777 1
2482 2558 1
2482 2584 1
2483 223 1
2483 904 1
2483 1668 1
2483 1868 1
2483 2545 1
2484 319 1
2484 1456 1
2484 1532 1
2484 2054 1
2484 2468 1
2485 353 1
2485 727 1
2485 1622 1
2485 1823 1
2485 2054 1
2486 138 1
2486 625 1
2486 658 1
2486 1187 1
2486 1728 1
2486 1899 1
2486 2447 1
2487 417 1
2487 991 1
2487 1151 1
2487 1513 1
2487 1527 1
2488 650 1
2488 976 1
2488 1386 1
2488 2258 1
2489 359 1
2489 1626 1
2489 1780 1
2489 1988 1
2489 2421 1
2490 878 1
2490 879 1
2490 1684 1
2490 1754 1
2490 2081 1
2491 223 1
2491 2121 1
2491 2276 1
2491 2377 1
2491 2465 1
2492 1166 1
2492 1384 1
2492 1443 1
2492 2370 1
2492 2564 1
2492 2572 1
2493 1396 1
2493 1536 1
2493 1768 1
2493 2078 1
2493 2340 1
2494 1539 1
2494 1831 1
2494 2035 1
2494 2042 1
2494 2119 1
2494 2220 1
2495 1617 1
2495 1686 1
2495 1707 1
2495 1846 1
2495 2336 1
2495 2603 1
2496 393 1
2496 1330 1
2496 1386 1
2496 2240 1
2497 530 1
2497 835 1
2497 1166 1
2497 1443 1
2497 2297 1
2497 2605 1
2498 512 1
2498 2311 1
2498 2436 1
2498 2510 1
2498 2587 1
2499 1848 1
2499 2213 1
2499 2260 1
2499 2395 1
2499 2528 1
2500 123 1
2500 434 1
2500 807 1
2500 864 1
2500 1127 1
2500 2412 1
2501 1557 1
2501 2040 1
2501 2268 1
2501 2316 1
2501 2508 1
2502 835 1
2502 1566 1
2502 1570 1
2502 1982 1
2502 2291 1
2503 153 1
2503 781 1
2503 835 1
2503 1087 1
2503 1577 1
2503 1777 1
2504 67 1
2504 1561 1
2504 1972 1
2504 2321 1
2504 2564 1
2505 2125 1
2505 2144 1
2505 2204 1
2505 2319 1
2505 2367 1
2505 2370 1
2505 2524 1
2505 2543 1
2505 2588 1
2505 2602 1
2505 2615 1
2506 429 1
2506 1219 1
2506 1786 1
2506 1852 1
2506 2087 1
2507 1467 1
2507 1891 1
2507 2001 1
2507 2034 1
2507 2096 1
2507 2222 1
2508 762 1
2508 984 1
2508 2036 1
2508 2316 1
2508 2501 1
2509 216 1
2509 1420 1
2509 1509 1
2509 1961 1
2509 2442 1
2510 512 1
2510 2311 1
2510 2436 1
2510 2498 1
2510 2587 1
2511 1065 1
2511 1149 1
2511 1215 1
2511 1355 1
2511 1648 1
2511 1725 1
2512 835 1
2512 1443 1
2512 1930 1
2512 2315 1
2512 2370 1
2512 2405 1
2512 2567 1
2512 2585 1
2512 2606 1
2512 2609 1
2512 2613 1
2513 530 1
2513 835 1
2513 1166 1
2513 1443 1
2513 2297 1
2513 2605 1
2514 1420 1
2514 2129 1
2514 2235 1
2514 2274 1
2514 2442 1
2515 2229 1
2515 2319 1
2515 2456 1
2515 2563 1
2515 2601 1
2516 2041 1
2516 2168 1
2516 2313 1
2516 2398 1
2516 2448 1
2517 1353 1
2517 1980 1
2517 2071 1
2517 2237 1
2517 2538 1
2517 2548 1
2518 552 1
2518 1507 1
2518 2144 1
2518 2370 1
2518 2411 1
2518 2565 1
2519 835 1
2519 1566 1
2519 1570 1
2519 1982 1
2519 2291 1
2520 169 1
2520 787 1
2520 1980 1
2520 2066 1
2520 2201 1
2520 2242 1
2521 1353 1
2521 1980 1
2521 2071 1
2521 2237 1
2521 2538 1
2521 2548 1
2522 835 1
2522 1086 1
2522 1566 1
2522 1570 1
2522 2151 1
2522 2174 1
2522 2288 1
2522 2381 1
2522 2526 1
2522 2561 1
2522 2578 1
2522 2584 1
2522 2593 1
2522 2594 1
2522 2614 1
2523 357 1
2523 1468 1
2523 1471 1
2523 1764 1
2523 1993 1
2524 1223 1
2524 2144 1
2524 2182 1
2524 2343 1
2524 2389 1
2524 2505 1
2525 639 1
2525 1320 1
2525 1746 1
2525 2426 1
2525 2470 1
2526 835 1
2526 2161 1
2526 2321 1
2526 2375 1
2526 2522 1
2526 2602 1
2527 824 1
2527 845 1
2527 1347 1
2527 2043 1
2527 2343 1
2527 2471 1
2528 901 1
2528 937 1
2528 985 1
2528 2183 1
2528 2447 1
2528 2499 1
2529 1388 1
2529 1503 1
2529 1732 1
2529 2237 1
2530 1330 1
2530 1386 1
2530 2240 1
2530 2479 1
2531 308 1
2531 1336 1
2531 2051 1
2531 2281 1
2531 2468 1
2532 530 1
2532 2087 1
2532 2182 1
2532 2219 1
2532 2411 1
2532 2565 1
2533 767 1
2533 830 1
2533 1063 1
2533 1492 1
2533 2559 1
2533 2573 1
2534 1643 1
2534 2365 1
2534 2394 1
2534 2467 1
2534 2604 1
2535 957 1
2535 1430 1
2535 1543 1
2535 1636 1
2535 2023 1
2535 2251 1
2535 2278 1
2535 2296 1
2535 2308 1
2535 2321 1
2535 2338 1
2535 2373 1
2535 2418 1
2535 2433 1
2535 2564 1
2535 2602 1
2535 2615 1
2536 835 1
2536 1566 1
2536 1570 1
2536 1982 1
2536 2291 1
2537 270 1
2537 338 1
2537 1330 1
2537 2079 1
2537 2335 1
2537 2479 1
2538 470 1
2538 1980 1
2538 2119 1
2538 2517 1
2538 2521 1
2538 2551 1
2539 1798 1
2539 2259 1
2539 2370 1
2539 2440 1
2539 2571 1
2539 2605 1
2540 835 1
2540 1566 1
2540 1570 1
2540 1982 1
2540 2291 1
2541 1467 1
2541 1891 1
2541 2001 1
2541 2034 1
2541 2096 1
2541 2222 1
2542 57 1
2542 780 1
2542 1167 1
2542 1183 1
2542 1762 1
2542 2119 1
2543 361 1
2543 530 1
2543 618 1
2543 1507 1
2543 1589 1
2543 1774 1
2543 1800 1
2543 1885 1
2543 2087 1
2543 2144 1
2543 2182 1
2543 2185 1
2543 2219 1
2543 2411 1
2543 2413 1
2543 2505 1
2543 2565 1
2543 2611 1
2544 895 1
2544 949 1
2544 1426 1
2544 2064 1
2544 2231 1
2544 2262 1
2545 1546 1
2545 1711 1
2545 1875 1
2545 2115 1
2545 2435 1
2545 2483 1
2546 1665 1
2546 1807 1
2546 2054 1
2546 2231 1
2546 2285 1
2546 2312 1
2547 1900 1
2547 2002 1
2547 2134 1
2547 2357 1
2547 2581 1
2548 169 1
2548 787 1
2548 1685 1
2548 1825 1
2548 2394 1
2548 2517 1
2548 2521 1
2549 202 1
2549 835 1
2549 1166 1
2549 1443 1
2549 1566 1
2549 1887 1
2549 2266 1
2550 308 1
2550 1649 1
2550 2165 1
2550 2281 1
2550 2595 1
2550 2598 1
2551 212 1
2551 528 1
2551 1748 1
2551 2353 1
2551 2439 1
2551 2538 1
2551 2579 1
2552 1110 1
2552 1113 1
2552 1328 1
2552 1373 1
2552 1637 1
2552 2209 1
2553 94 1
2553 1159 1
2553 1167 1
2553 1395 1
2553 1808 1
2553 1835 1
2553 2358 1
2554 452 1
2554 670 1
2554 1609 1
2554 1727 1
2554 1882 1
2554 2123 1
2555 120 1
2555 308 1
2555 732 1
2555 1686 1
2555 1691 1
2555 1983 1
2555 2153 1
2556 1353 1
2556 1690 1
2556 1980 1
2556 2117 1
2556 2250 1
2556 2301 1
2557 230 1
2557 351 1
2557 709 1
2557 793 1
2557 798 1
2557 1205 1
2557 1932 1
2558 514 1
2558 775 1
2558 781 1
2558 835 1
2558 1196 1
2558 1490 1
2558 1566 1
2558 1567 1
2558 2291 1
2558 2355 1
2558 2482 1
2558 2570 1
2558 2576 1
2558 2578 1
2559 534 1
2559 758 1
2559 1352 1
2559 2226 1
2559 2384 1
2559 2420 1
2559 2533 1
2560 1607 1
2560 1696 1
2560 1711 1
2560 1818 1
2560 2115 1
2560 2476 1
2560 2580 1
2561 530 1
2561 835 1
2561 1166 1
2561 1566 1
2561 1570 1
2561 2291 1
2561 2370 1
2561 2381 1
2561 2417 1
2561 2522 1
2561 2575 1
2561 2605 1
2562 339 1
2562 1095 1
2562 1283 1
2562 1540 1
2562 1697 1
2562 1699 1
2562 2263 1
2563 1312 1
2563 1382 1
2563 2264 1
2563 2319 1
2563 2411 1
2563 2515 1
2564 413 1
2564 1538 1
2564 1543 1
2564 1798 1
2564 1972 1
2564 2213 1
2564 2263 1
2564 2418 1
2564 2492 1
2564 2504 1
2564 2535 1
2564 2607 1
2564 2615 1
2565 1507 1
2565 2144 1
2565 2389 1
2565 2518 1
2565 2532 1
2565 2543 1
2565 2601 1
2566 752 1
2566 1256 1
2566 1443 1
2566 1570 1
2566 1656 1
2566 1737 1
2566 2016 1
2566 2290 1
2566 2296 1
2566 2429 1
2566 2432 1
2566 2568 1
2566 2572 1
2566 2592 1
2567 530 1
2567 835 1
2567 1443 1
2567 1568 1
2567 1683 1
2567 1734 1
2567 1930 1
2567 2174 1
2567 2181 1
2567 2315 1
2567 2370 1
2567 2405 1
2567 2406 1
2567 2446 1
2567 2512 1
2567 2585 1
2567 2591 1
2567 2609 1
2567 2610 1
2567 2613 1
2568 752 1
2568 1256 1
2568 1656 1
2568 2016 1
2568 2296 1
2568 2429 1
2568 2432 1
2568 2566 1
2569 243 1
2569 1397 1
2569 1692 1
2569 1862 1
2569 2089 1
2569 2245 1
2569 2391 1
2570 835 1
2570 948 1
2570 1570 1
2570 2291 1
2570 2356 1
2570 2381 1
2570 2417 1
2570 2558 1
2571 1627 1
2571 2259 1
2571 2428 1
2571 2440 1
2571 2446 1
2571 2539 1
2571 2590 1
2571 2600 1
2572 530 1
2572 1166 1
2572 1384 1
2572 1982 1
2572 2091 1
2572 2366 1
2572 2370 1
2572 2492 1
2572 2566 1
2572 2588 1
2572 2606 1
2573 945 1
2573 1274 1
2573 1408 1
2573 1880 1
2573 2030 1
2573 2226 1
2573 2396 1
2573 2533 1
2574 1619 1
2574 1891 1
2574 2121 1
2574 2142 1
2574 2293 1
2574 2461 1
2574 2465 1
2575 1368 1
2575 1410 1
2575 1451 1
2575 1902 1
2575 2090 1
2575 2097 1
2575 2381 1
2575 2561 1
2576 835 1
2576 1566 1
2576 1570 1
2576 2266 1
2576 2308 1
2576 2355 1
2576 2370 1
2576 2558 1
2577 94 1
2577 301 1
2577 1167 1
2577 1414 1
2577 1643 1
2577 2298 1
2577 2604 1
2577 2608 1
2578 781 1
2578 835 1
2578 2522 1
2578 2558 1
2578 2584 1
2578 2594 1
2578 2614 1
2579 1536 1
2579 1653 1
2579 1992 1
2579 2078 1
2579 2372 1
2579 2450 1
2579 2551 1
2580 1478 1
2580 1667 1
2580 1818 1
2580 1853 1
2580 2093 1
2580 2115 1
2580 2249 1
2580 2293 1
2580 2560 1
2581 504 1
2581 1438 1
2581 1797 1
2581 1802 1
2581 2134 1
2581 2211 1
2581 2357 1
2581 2547 1
2582 530 1
2582 781 1
2582 1332 1
2582 2321 1
2582 2375 1
2582 2432 1
2582 2584 1
2582 2592 1
2583 223 1
2583 1083 1
2583 1114 1
2583 1633 1
2583 1640 1
2583 1891 1
2583 1940 1
2583 2034 1
2583 2222 1
2584 835 1
2584 1379 1
2584 1566 1
2584 1570 1
2584 2139 1
2584 2288 1
2584 2291 1
2584 2370 1
2584 2381 1
2584 2482 1
2584 2522 1
2584 2578 1
2584 2582 1
2584 2600 1
2584 2605 1
2585 835 1
2585 1343 1
2585 1443 1
2585 2315 1
2585 2370 1
2585 2405 1
2585 2406 1
2585 2512 1
2585 2567 1
2585 2591 1
2585 2609 1
2585 2610 1
2585 2613 1
2586 824 1
2586 2056 1
2586 2213 1
2586 2321 1
2586 2339 1
2586 2416 1
2586 2432 1
2586 2592 1
2586 2601 1
2587 1416 1
2587 1770 1
2587 2311 1
2587 2322 1
2587 2436 1
2587 2498 1
2587 2510 1
2588 538 1
2588 835 1
2588 1364 1
2588 1590 1
2588 1982 1
2588 2106 1
2588 2505 1
2588 2572 1
2588 2607 1
2589 114 1
2589 752 1
2589 1630 1
2589 1986 1
2589 2044 1
2589 2125 1
2589 2283 1
2589 2373 1
2589 2455 1
2589 2615 1
2590 1033 1
2590 1472 1
2590 1618 1
2590 1793 1
2590 1798 1
2590 2259 1
2590 2440 1
2590 2571 1
2591 835 1
2591 1443 1
2591 2248 1
2591 2315 1
2591 2370 1
2591 2405 1
2591 2567 1
2591 2585 1
2591 2609 1
2591 2613 1
2592 2056 1
2592 2132 1
2592 2213 1
2592 2287 1
2592 2321 1
2592 2566 1
2592 2582 1
2592 2586 1
2592 2601 1
2592 2614 1
2593 202 1
2593 1443 1
2593 1561 1
2593 1566 1
2593 1570 1
2593 2151 1
2593 2288 1
2593 2290 1
2593 2432 1
2593 2522 1
2594 835 1
2594 1086 1
2594 1443 1
2594 1566 1
2594 2288 1
2594 2370 1
2594 2522 1
2594 2578 1
2595 484 1
2595 1433 1
2595 1643 1
2595 1649 1
2595 1650 1
2595 1651 1
2595 2130 1
2595 2345 1
2595 2391 1
2595 2550 1
2596 223 1
2596 472 1
2596 1074 1
2596 1344 1
2596 1717 1
2596 1723 1
2596 2322 1
2596 2377 1
2597 134 1
2597 559 1
2597 560 1
2597 1376 1
2597 1932 1
2597 2179 1
2597 2440 1
2597 2467 1
2598 410 1
2598 1947 1
2598 2131 1
2598 2163 1
2598 2170 1
2598 2253 1
2598 2281 1
2598 2382 1
2598 2460 1
2598 2550 1
2599 94 1
2599 170 1
2599 521 1
2599 1122 1
2599 1167 1
2599 1414 1
2599 1512 1
2599 1581 1
2599 2047 1
2599 2250 1
2599 2608 1
2600 1618 1
2600 1793 1
2600 1798 1
2600 2094 1
2600 2346 1
2600 2440 1
2600 2571 1
2600 2584 1
2600 2614 1
2601 530 1
2601 2043 1
2601 2319 1
2601 2411 1
2601 2418 1
2601 2471 1
2601 2515 1
2601 2565 1
2601 2586 1
2601 2592 1
2602 1039 1
2602 1352 1
2602 2185 1
2602 2339 1
2602 2410 1
2602 2416 1
2602 2431 1
2602 2505 1
2602 2526 1
2602 2535 1
2602 2607 1
2603 111 1
2603 1159 1
2603 1426 1
2603 1505 1
2603 1729 1
2603 1900 1
2603 2064 1
2603 2201 1
2603 2289 1
2603 2413 1
2603 2495 1
2604 1339 1
2604 1520 1
2604 1675 1
2604 1817 1
2604 2304 1
2604 2365 1
2604 2369 1
2604 2458 1
2604 2459 1
2604 2534 1
2604 2577 1
2605 518 1
2605 835 1
2605 922 1
2605 1166 1
2605 1352 1
2605 1384 1
2605 1443 1
2605 1819 1
2605 1902 1
2605 2097 1
2605 2259 1
2605 2305 1
2605 2315 1
2605 2360 1
2605 2431 1
2605 2451 1
2605 2497 1
2605 2513 1
2605 2539 1
2605 2561 1
2605 2584 1
2605 2609 1
2605 2614 1
2606 835 1
2606 1021 1
2606 1166 1
2606 1720 1
2606 2007 1
2606 2091 1
2606 2106 1
2606 2174 1
2606 2512 1
2606 2572 1
2607 845 1
2607 1543 1
2607 1933 1
2607 2109 1
2607 2151 1
2607 2321 1
2607 2385 1
2607 2418 1
2607 2564 1
2607 2588 1
2607 2602 1
2608 94 1
2608 646 1
2608 1167 1
2608 1190 1
2608 1984 1
2608 2047 1
2608 2126 1
2608 2224 1
2608 2250 1
2608 2347 1
2608 2577 1
2608 2599 1
2609 530 1
2609 2315 1
2609 2405 1
2609 2512 1
2609 2567 1
2609 2585 1
2609 2591 1
2609 2605 1
2610 530 1
2610 1683 1
2610 1712 1
2610 2056 1
2610 2315 1
2610 2405 1
2610 2472 1
2610 2475 1
2610 2567 1
2610 2585 1
2611 1349 1
2611 1351 1
2611 1507 1
2611 1564 1
2611 1589 1
2611 1801 1
2611 1804 1
2611 1960 1
2611 1978 1
2611 2182 1
2611 2249 1
2611 2271 1
2611 2367 1
2611 2431 1
2611 2543 1
2612 339 1
2612 704 1
2612 710 1
2612 711 1
2612 951 1
2612 999 1
2612 1017 1
2612 1238 1
2612 1273 1
2612 1327 1
2612 1333 1
2612 1680 1
2612 1799 1
2612 1810 1
2612 2061 1
2612 2260 1
2612 2395 1
2613 530 1
2613 1443 1
2613 2370 1
2613 2405 1
2613 2475 1
2613 2512 1
2613 2567 1
2613 2585 1
2613 2591 1
2614 572 1
2614 835 1
2614 1086 1
2614 1379 1
2614 1443 1
2614 1566 1
2614 1570 1
2614 2139 1
2614 2151 1
2614 2288 1
2614 2291 1
2614 2370 1
2614 2381 1
2614 2522 1
2614 2578 1
2614 2592 1
2614 2600 1
2614 2605 1
2615 397 1
2615 1164 1
2615 1420 1
2615 1576 1
2615 1932 1
2615 2094 1
2615 2125 1
2615 2144 1
2615 2145 1
2615 2213 1
2615 2248 1
2615 2321 1
2615 2442 1
2615 2505 1
2615 2535 1
2615 2564 1
2615 2589 1
