0 461 1
0 803 1
0 990 1
0 1487 1
2 495 1
3 1195 1
4 577 1
5 1438 1
6 432 1
7 780 1
8 1168 1
9 1791 1
10 1853 1
11 181 1
11 211 1
11 267 1
11 791 1
11 903 1
11 959 1
11 1288 1
11 1427 1
11 1507 1
11 1885 1
11 1943 1
13 387 1
15 1678 1
16 1964 1
17 938 1
18 316 1
19 1179 1
20 692 1
21 1859 1
23 1147 1
23 1175 1
23 1211 1
23 1344 1
23 1352 1
23 1440 1
23 1503 1
23 1831 1
24 900 1
26 526 1
26 628 1
26 1010 1
26 1246 1
26 1257 1
26 1353 1
26 1374 1
26 1393 1
26 1421 1
26 1552 1
26 1569 1
26 1617 1
26 1628 1
26 1816 1
26 1830 1
27 1448 1
28 126 1
28 371 1
28 1033 1
28 1077 1
28 1106 1
28 1134 1
28 1312 1
28 1314 1
28 1652 1
28 1822 1
28 1844 1
28 1863 1
28 1898 1
29 1563 1
30 481 1
31 1933 1
32 434 1
33 1963 1
34 1963 1
35 1902 1
36 1638 1
37 1125 1
37 1153 1
38 578 1
38 1153 1
38 1212 1
38 1273 1
39 1906 1
40 560 1
40 1281 1
40 1417 1
42 526 1
42 853 1
42 1011 1
42 1120 1
42 1221 1
42 1617 1
43 764 1
44 1308 1
45 1558 1
46 1345 1
46 1447 1
47 822 1
48 1184 1
49 1345 1
50 379 1
51 1726 1
52 1961 1
53 1954 1
54 1840 1
55 109 1
55 526 1
56 1963 1
57 531 1
57 1041 1
57 1281 1
59 1845 1
60 1944 1
61 1110 1
62 1944 1
63 128 1
64 258 1
65 1345 1
66 481 1
67 1705 1
68 1734 1
70 526 1
72 401 1
72 511 1
72 534 1
72 555 1
72 575 1
72 792 1
72 835 1
72 1078 1
72 1099 1
72 1100 1
72 1135 1
72 1142 1
72 1223 1
72 1296 1
72 1357 1
72 1419 1
72 1495 1
72 1521 1
72 1556 1
72 1559 1
72 1618 1
72 1719 1
72 1751 1
72 1761 1
72 1839 1
72 1866 1
72 1922 1
73 1377 1
74 1583 1
74 1751 1
75 304 1
76 900 1
77 1377 1
78 886 1
79 828 1
79 1191 1
79 1345 1
80 1492 1
81 1197 1
82 1304 1
83 293 1
85 286 1
85 436 1
85 629 1
85 981 1
86 1917 1
87 616 1
87 782 1
87 1185 1
87 1471 1
87 1510 1
88 716 1
89 1322 1
90 963 1
91 279 1
91 511 1
91 606 1
91 1436 1
91 1628 1
91 1671 1
91 1867 1
91 1887 1
93 1047 1
94 188 1
94 507 1
94 533 1
94 538 1
94 543 1
94 641 1
94 1006 1
94 1814 1
95 105 1
95 426 1
95 630 1
97 1206 1
98 273 1
99 1916 1
100 1818 1
101 526 1
102 439 1
103 395 1
104 680 1
105 95 1
106 206 1
107 516 1
108 1442 1
109 55 1
109 526 1
109 1494 1
109 1712 1
109 1935 1
110 1902 1
111 1523 1
112 1965 1
113 886 1
114 458 1
115 1064 1
115 1117 1
115 1789 1
116 1846 1
117 333 1
118 1150 1
119 502 1
119 524 1
119 527 1
119 618 1
119 1070 1
119 1251 1
119 1719 1
121 886 1
122 525 1
123 260 1
124 1093 1
124 1134 1
124 1840 1
124 1865 1
126 28 1
127 562 1
128 63 1
129 1965 1
130 1002 1
131 420 1
132 886 1
133 1677 1
134 382 1
135 636 1
136 1965 1
137 762 1
137 1273 1
137 1763 1
137 1925 1
138 1407 1
139 1149 1
140 1627 1
141 1152 1
141 1184 1
142 1179 1
143 358 1
144 1122 1
145 1713 1
146 1734 1
147 1944 1
148 1965 1
149 1185 1
150 637 1
150 1260 1
150 1347 1
150 1413 1
150 1501 1
150 1535 1
150 1672 1
150 1699 1
150 1735 1
150 1792 1
151 1964 1
152 526 1
153 631 1
154 898 1
155 1447 1
156 465 1
156 554 1
156 573 1
156 907 1
156 1107 1
156 1582 1
156 1598 1
156 1668 1
156 1674 1
156 1840 1
156 1845 1
157 608 1
157 1034 1
158 1713 1
159 447 1
160 1927 1
161 886 1
162 1629 1
163 1713 1
164 1439 1
165 1916 1
166 402 1
167 886 1
168 1342 1
169 1720 1
170 542 1
171 1169 1
172 777 1
172 1065 1
173 1764 1
174 1950 1
175 218 1
175 1536 1
175 1913 1
176 1718 1
177 208 1
178 305 1
178 617 1
178 628 1
178 777 1
178 790 1
178 958 1
178 1032 1
178 1072 1
178 1271 1
178 1365 1
178 1544 1
178 1548 1
178 1555 1
178 1597 1
178 1615 1
178 1623 1
178 1629 1
178 1688 1
178 1721 1
178 1774 1
178 1793 1
178 1852 1
178 1881 1
178 1897 1
178 1899 1
178 1924 1
178 1930 1
178 1942 1
179 1158 1
180 560 1
181 11 1
182 1655 1
183 1045 1
183 1091 1
183 1103 1
183 1155 1
183 1544 1
183 1575 1
183 1773 1
184 1779 1
185 1460 1
186 1908 1
187 1460 1
188 94 1
188 637 1
188 809 1
188 816 1
188 1084 1
188 1347 1
188 1535 1
188 1680 1
188 1770 1
189 870 1
190 494 1
190 695 1
190 1364 1
190 1428 1
191 992 1
192 946 1
193 1453 1
195 1345 1
196 1828 1
197 959 1
197 1055 1
197 1482 1
197 1590 1
197 1778 1
197 1781 1
197 1930 1
198 238 1
199 1965 1
200 1481 1
201 1961 1
202 1307 1
203 933 1
204 498 1
205 1804 1
206 106 1
207 1483 1
208 177 1
209 1875 1
210 295 1
211 11 1
212 1677 1
213 330 1
214 1915 1
215 1063 1
216 899 1
217 927 1
217 1232 1
218 175 1
218 1246 1
218 1414 1
218 1536 1
219 886 1
220 526 1
221 348 1
222 481 1
223 1513 1
225 1339 1
226 1407 1
227 1604 1
228 269 1
229 967 1
229 1156 1
230 1165 1
231 667 1
232 1697 1
233 816 1
234 1090 1
235 416 1
236 1895 1
237 366 1
238 198 1
239 1677 1
240 381 1
241 332 1
241 958 1
241 1167 1
241 1948 1
242 679 1
243 1339 1
245 1929 1
246 495 1
246 1208 1
246 1729 1
247 859 1
248 251 1
249 855 1
250 1000 1
251 248 1
252 1732 1
253 1732 1
254 1845 1
255 886 1
256 1422 1
256 1444 1
257 321 1
257 613 1
257 1527 1
258 64 1
259 1917 1
260 123 1
261 1944 1
262 818 1
263 704 1
264 505 1
265 1893 1
266 541 1
267 11 1
268 572 1
269 228 1
270 526 1
270 1286 1
270 1684 1
270 1926 1
271 1837 1
272 1184 1
273 98 1
274 1090 1
275 921 1
276 1483 1
277 526 1
277 762 1
277 869 1
277 1015 1
277 1126 1
277 1239 1
277 1240 1
277 1246 1
277 1328 1
277 1399 1
277 1624 1
277 1650 1
277 1664 1
277 1957 1
278 1965 1
279 91 1
281 663 1
282 1145 1
283 440 1
284 1842 1
285 1901 1
286 85 1
287 1038 1
288 921 1
289 1458 1
290 821 1
290 1434 1
291 1594 1
292 1124 1
293 83 1
294 1749 1
295 210 1
296 654 1
297 731 1
298 1220 1
299 1201 1
300 904 1
301 878 1
302 526 1
302 587 1
302 1538 1
302 1646 1
303 955 1
304 75 1
305 178 1
305 331 1
305 628 1
305 1793 1
306 1453 1
307 1672 1
308 1244 1
309 640 1
310 1818 1
311 1812 1
312 328 1
313 607 1
313 653 1
313 1341 1
313 1679 1
313 1890 1
313 1905 1
314 526 1
314 708 1
314 793 1
314 1353 1
314 1565 1
315 1024 1
316 18 1
317 526 1
317 1012 1
317 1400 1
318 1500 1
319 1417 1
320 1495 1
321 257 1
322 1343 1
323 886 1
325 743 1
326 469 1
326 1115 1
327 1069 1
328 312 1
329 384 1
330 213 1
331 305 1
331 335 1
331 388 1
331 617 1
331 732 1
331 1142 1
331 1478 1
331 1547 1
331 1679 1
331 1702 1
331 1703 1
331 1828 1
331 1829 1
331 1851 1
332 241 1
333 117 1
334 1228 1
335 331 1
336 1408 1
337 483 1
338 852 1
338 968 1
338 1078 1
338 1101 1
338 1198 1
338 1548 1
338 1855 1
338 1889 1
338 1961 1
338 1965 1
339 1579 1
340 1349 1
341 589 1
342 1214 1
342 1478 1
342 1511 1
343 1168 1
343 1751 1
343 1805 1
343 1871 1
344 1713 1
345 1064 1
346 378 1
347 1698 1
348 221 1
349 1216 1
350 1292 1
351 1224 1
352 1045 1
352 1252 1
352 1267 1
353 1959 1
354 1228 1
355 490 1
355 1345 1
356 1801 1
357 1594 1
358 143 1
359 1345 1
360 1965 1
361 1806 1
362 1116 1
363 1280 1
364 581 1
365 526 1
365 1033 1
365 1583 1
366 237 1
367 1842 1
368 1264 1
368 1279 1
369 955 1
370 526 1
370 689 1
370 813 1
370 1386 1
370 1962 1
371 28 1
372 1038 1
373 848 1
374 1199 1
374 1484 1
374 1766 1
375 1034 1
376 1596 1
377 1812 1
378 346 1
379 50 1
380 1015 1
381 240 1
382 134 1
383 1422 1
383 1860 1
384 329 1
385 568 1
386 703 1
386 779 1
386 1339 1
387 13 1
388 331 1
388 1851 1
389 639 1
389 1005 1
389 1020 1
389 1052 1
389 1186 1
389 1373 1
389 1457 1
389 1716 1
389 1885 1
390 1965 1
391 798 1
391 1810 1
391 1862 1
392 1241 1
393 886 1
394 905 1
395 103 1
396 793 1
396 984 1
396 1353 1
396 1740 1
397 409 1
398 1871 1
399 1234 1
400 814 1
401 72 1
402 166 1
403 1965 1
404 482 1
405 1965 1
406 1854 1
407 525 1
408 414 1
408 469 1
408 893 1
409 397 1
410 536 1
410 1028 1
410 1509 1
410 1629 1
411 1327 1
412 858 1
413 980 1
413 1900 1
414 408 1
416 235 1
417 1602 1
418 1549 1
419 1870 1
420 131 1
421 1891 1
422 1080 1
423 1087 1
424 1607 1
425 1945 1
426 95 1
427 1414 1
427 1536 1
428 1369 1
429 571 1
429 835 1
429 912 1
429 1346 1
429 1618 1
429 1833 1
429 1845 1
429 1929 1
430 1648 1
431 1588 1
432 6 1
433 1373 1
434 32 1
435 1965 1
436 85 1
436 981 1
437 760 1
438 449 1
439 102 1
440 283 1
441 1302 1
442 1201 1
443 1724 1
444 1321 1
445 1476 1
446 606 1
447 159 1
448 886 1
449 438 1
450 1761 1
451 842 1
452 1095 1
453 886 1
454 886 1
454 1121 1
455 1962 1
456 964 1
457 1533 1
458 114 1
459 634 1
460 1493 1
461 0 1
462 663 1
463 934 1
463 1626 1
463 1857 1
464 1954 1
465 156 1
465 1449 1
466 1073 1
466 1923 1
467 807 1
467 901 1
467 959 1
467 1129 1
467 1181 1
467 1390 1
467 1463 1
467 1492 1
467 1576 1
467 1614 1
467 1698 1
468 539 1
468 620 1
468 897 1
468 1018 1
469 326 1
469 408 1
469 1115 1
469 1207 1
469 1275 1
469 1608 1
470 934 1
470 1196 1
470 1267 1
470 1356 1
470 1597 1
471 1428 1
472 689 1
472 1528 1
473 672 1
473 1683 1
474 1100 1
474 1521 1
475 610 1
475 1661 1
476 1345 1
476 1845 1
477 909 1
477 1078 1
478 526 1
478 916 1
478 1581 1
478 1668 1
478 1709 1
478 1819 1
479 1621 1
479 1895 1
480 1345 1
480 1845 1
481 30 1
481 66 1
481 222 1
481 606 1
481 1000 1
481 1263 1
481 1586 1
481 1746 1
481 1826 1
481 1848 1
482 404 1
482 1170 1
483 337 1
483 1033 1
484 1045 1
484 1296 1
484 1385 1
484 1949 1
484 1960 1
485 1508 1
485 1711 1
486 500 1
486 1473 1
486 1714 1
487 841 1
487 1428 1
488 683 1
488 1345 1
489 1345 1
489 1952 1
490 355 1
490 1345 1
491 639 1
491 1084 1
491 1238 1
491 1910 1
493 943 1
493 1345 1
494 190 1
494 968 1
495 2 1
495 246 1
495 635 1
495 642 1
495 656 1
495 673 1
495 768 1
495 822 1
495 878 1
495 883 1
495 930 1
495 931 1
495 972 1
495 991 1
495 1040 1
495 1119 1
495 1160 1
495 1161 1
495 1183 1
495 1187 1
495 1206 1
495 1218 1
495 1247 1
495 1249 1
495 1285 1
495 1444 1
495 1517 1
495 1518 1
495 1522 1
495 1600 1
495 1648 1
495 1696 1
495 1698 1
495 1783 1
495 1791 1
495 1795 1
495 1831 1
495 1846 1
495 1899 1
495 1939 1
496 625 1
496 849 1
496 1027 1
496 1042 1
496 1331 1
496 1366 1
496 1369 1
496 1443 1
496 1625 1
496 1666 1
496 1710 1
496 1722 1
497 526 1
497 1962 1
498 204 1
498 1003 1
500 486 1
500 526 1
501 1733 1
501 1802 1
502 119 1
502 1960 1
503 886 1
503 1462 1
504 1050 1
504 1771 1
505 264 1
505 959 1
506 1088 1
506 1956 1
507 94 1
507 605 1
507 674 1
507 682 1
507 715 1
507 734 1
507 873 1
507 930 1
507 935 1
507 960 1
507 1093 1
507 1097 1
507 1139 1
507 1157 1
507 1262 1
507 1317 1
507 1323 1
507 1378 1
507 1461 1
507 1518 1
507 1522 1
507 1729 1
507 1849 1
507 1857 1
507 1878 1
507 1883 1
507 1945 1
508 526 1
508 530 1
509 528 1
509 1212 1
509 1850 1
510 696 1
510 778 1
511 72 1
511 91 1
511 1559 1
511 1761 1
511 1867 1
512 886 1
512 1453 1
513 1732 1
513 1963 1
514 1678 1
514 1819 1
515 526 1
515 1257 1
516 107 1
516 680 1
517 526 1
517 1962 1
518 1062 1
518 1146 1
518 1558 1
518 1659 1
518 1729 1
518 1838 1
519 1334 1
519 1668 1
520 854 1
520 1101 1
521 1101 1
521 1887 1
522 1049 1
522 1335 1
522 1561 1
523 532 1
523 1955 1
524 119 1
524 731 1
524 747 1
524 1142 1
525 122 1
525 407 1
526 26 1
526 42 1
526 55 1
526 70 1
526 101 1
526 109 1
526 152 1
526 220 1
526 270 1
526 277 1
526 302 1
526 314 1
526 317 1
526 365 1
526 370 1
526 478 1
526 497 1
526 500 1
526 508 1
526 515 1
526 517 1
526 539 1
526 565 1
526 567 1
526 568 1
526 569 1
526 578 1
526 587 1
526 620 1
526 652 1
526 666 1
526 676 1
526 679 1
526 711 1
526 726 1
526 728 1
526 742 1
526 757 1
526 758 1
526 762 1
526 782 1
526 808 1
526 813 1
526 833 1
526 851 1
526 853 1
526 872 1
526 885 1
526 897 1
526 917 1
526 936 1
526 949 1
526 983 1
526 1010 1
526 1012 1
526 1015 1
526 1016 1
526 1018 1
526 1023 1
526 1031 1
526 1036 1
526 1037 1
526 1044 1
526 1056 1
526 1072 1
526 1105 1
526 1110 1
526 1111 1
526 1126 1
526 1133 1
526 1162 1
526 1192 1
526 1199 1
526 1221 1
526 1228 1
526 1239 1
526 1246 1
526 1268 1
526 1304 1
526 1322 1
526 1328 1
526 1351 1
526 1353 1
526 1367 1
526 1376 1
526 1386 1
526 1388 1
526 1392 1
526 1393 1
526 1399 1
526 1400 1
526 1403 1
526 1418 1
526 1425 1
526 1448 1
526 1454 1
526 1455 1
526 1463 1
526 1471 1
526 1473 1
526 1479 1
526 1481 1
526 1484 1
526 1485 1
526 1487 1
526 1504 1
526 1510 1
526 1513 1
526 1523 1
526 1524 1
526 1530 1
526 1538 1
526 1542 1
526 1550 1
526 1553 1
526 1554 1
526 1565 1
526 1569 1
526 1580 1
526 1586 1
526 1587 1
526 1616 1
526 1639 1
526 1646 1
526 1650 1
526 1663 1
526 1669 1
526 1670 1
526 1685 1
526 1714 1
526 1738 1
526 1740 1
526 1747 1
526 1748 1
526 1766 1
526 1782 1
526 1788 1
526 1789 1
526 1796 1
526 1797 1
526 1798 1
526 1799 1
526 1809 1
526 1823 1
526 1862 1
526 1876 1
526 1886 1
526 1902 1
526 1926 1
526 1935 1
526 1954 1
526 1957 1
526 1962 1
527 119 1
527 1214 1
528 509 1
529 1940 1
529 1965 1
530 508 1
530 657 1
531 57 1
531 1041 1
531 1609 1
531 1915 1
532 523 1
532 1056 1
532 1670 1
532 1876 1
533 94 1
533 1756 1
534 72 1
534 1495 1
535 1455 1
535 1720 1
536 410 1
536 577 1
536 1073 1
536 1358 1
536 1478 1
536 1509 1
536 1933 1
537 637 1
537 1686 1
538 94 1
538 1894 1
539 468 1
539 526 1
540 1219 1
540 1775 1
541 266 1
541 1323 1
542 170 1
542 1422 1
543 94 1
543 1756 1
544 1345 1
545 1254 1
545 1631 1
546 1133 1
547 1526 1
547 1903 1
548 1704 1
549 1033 1
549 1077 1
550 560 1
550 1329 1
551 1168 1
551 1609 1
552 1858 1
552 1862 1
553 670 1
553 1656 1
554 156 1
554 1819 1
555 72 1
555 909 1
556 1712 1
556 1837 1
557 1357 1
557 1751 1
558 591 1
558 1493 1
559 1229 1
559 1817 1
560 40 1
560 180 1
560 550 1
560 648 1
560 928 1
560 1030 1
560 1136 1
560 1149 1
560 1155 1
560 1243 1
560 1274 1
560 1329 1
560 1480 1
560 1525 1
560 1532 1
560 1609 1
560 1636 1
560 1653 1
560 1834 1
560 1919 1
560 1941 1
561 942 1
561 1220 1
561 1384 1
562 127 1
562 1670 1
563 979 1
563 1866 1
564 1426 1
564 1447 1
565 526 1
565 949 1
566 587 1
566 1392 1
567 526 1
567 1015 1
567 1313 1
567 1454 1
567 1527 1
567 1640 1
567 1712 1
568 385 1
568 526 1
568 1799 1
569 526 1
569 1962 1
570 637 1
570 705 1
570 1164 1
570 1229 1
570 1551 1
571 429 1
571 1013 1
571 1437 1
571 1581 1
571 1618 1
571 1665 1
571 1821 1
571 1826 1
571 1865 1
571 1904 1
572 268 1
572 1146 1
572 1179 1
572 1733 1
572 1794 1
573 156 1
573 1290 1
573 1819 1
574 1048 1
574 1238 1
575 72 1
575 1385 1
575 1949 1
576 842 1
576 1570 1
577 4 1
577 536 1
577 596 1
577 662 1
577 1033 1
577 1076 1
577 1130 1
577 1358 1
577 1363 1
577 1383 1
577 1387 1
577 1449 1
577 1562 1
577 1708 1
577 1896 1
577 1921 1
578 38 1
578 526 1
578 579 1
578 1135 1
578 1324 1
578 1330 1
578 1401 1
578 1406 1
578 1583 1
578 1612 1
578 1925 1
579 578 1
579 1715 1
580 1092 1
580 1537 1
581 364 1
581 1866 1
582 1108 1
582 1841 1
583 1545 1
583 1820 1
583 1956 1
584 1651 1
584 1840 1
585 628 1
585 886 1
585 1246 1
585 1467 1
586 1079 1
586 1660 1
587 302 1
587 526 1
587 566 1
587 860 1
587 1015 1
587 1036 1
587 1044 1
587 1105 1
587 1133 1
587 1377 1
587 1550 1
587 1553 1
587 1587 1
587 1646 1
587 1650 1
587 1663 1
587 1664 1
587 1685 1
587 1796 1
587 1799 1
587 1843 1
587 1954 1
588 775 1
589 341 1
589 1724 1
590 1086 1
590 1908 1
591 558 1
591 631 1
592 968 1
592 1491 1
593 1041 1
593 1609 1
594 759 1
594 1098 1
595 628 1
595 1778 1
596 577 1
596 1602 1
597 812 1
597 949 1
598 1141 1
598 1807 1
599 1229 1
599 1501 1
600 610 1
600 730 1
601 1732 1
602 1600 1
603 1316 1
603 1907 1
604 1203 1
604 1506 1
605 507 1
605 1345 1
606 91 1
606 446 1
606 481 1
606 802 1
606 848 1
606 947 1
606 996 1
606 1045 1
606 1132 1
606 1236 1
606 1349 1
606 1415 1
606 1605 1
606 1620 1
606 1776 1
606 1834 1
606 1915 1
606 1964 1
607 313 1
607 1379 1
608 157 1
608 1034 1
609 1658 1
609 1812 1
610 475 1
610 600 1
610 1128 1
610 1599 1
611 1704 1
612 1955 1
612 1957 1
613 257 1
613 1199 1
614 1013 1
614 1912 1
615 1369 1
615 1492 1
616 87 1
616 738 1
617 178 1
617 331 1
617 741 1
617 870 1
617 1684 1
617 1728 1
618 119 1
618 1214 1
619 1629 1
619 1908 1
620 468 1
620 526 1
620 666 1
620 676 1
620 689 1
620 757 1
620 813 1
620 1012 1
620 1018 1
620 1023 1
620 1056 1
620 1318 1
620 1616 1
620 1670 1
620 1954 1
621 623 1
621 1371 1
621 1579 1
621 1687 1
621 1700 1
621 1750 1
621 1897 1
622 675 1
622 1959 1
623 621 1
623 958 1
623 1086 1
623 1246 1
623 1361 1
623 1394 1
623 1432 1
623 1531 1
623 1579 1
623 1687 1
623 1743 1
623 1750 1
624 959 1
624 1256 1
625 496 1
626 688 1
627 1026 1
627 1951 1
628 26 1
628 178 1
628 305 1
628 585 1
628 595 1
628 638 1
628 694 1
628 745 1
628 754 1
628 774 1
628 777 1
628 790 1
628 1014 1
628 1025 1
628 1043 1
628 1051 1
628 1057 1
628 1059 1
628 1085 1
628 1087 1
628 1102 1
628 1190 1
628 1232 1
628 1235 1
628 1237 1
628 1246 1
628 1249 1
628 1298 1
628 1307 1
628 1315 1
628 1348 1
628 1371 1
628 1465 1
628 1470 1
628 1477 1
628 1531 1
628 1555 1
628 1567 1
628 1629 1
628 1673 1
628 1675 1
628 1695 1
628 1700 1
628 1721 1
628 1723 1
628 1728 1
628 1746 1
628 1757 1
628 1758 1
628 1765 1
628 1767 1
628 1774 1
628 1778 1
628 1801 1
628 1824 1
628 1835 1
628 1852 1
628 1877 1
628 1881 1
628 1889 1
628 1899 1
628 1908 1
628 1924 1
628 1928 1
628 1934 1
628 1948 1
628 1953 1
628 1958 1
628 1961 1
629 85 1
629 767 1
630 95 1
630 1859 1
631 153 1
631 591 1
632 808 1
632 886 1
632 936 1
632 1857 1
633 886 1
633 1345 1
633 1447 1
633 1627 1
633 1802 1
634 459 1
634 1009 1
635 495 1
635 1939 1
636 135 1
636 1727 1
637 150 1
637 188 1
637 537 1
637 570 1
637 674 1
637 705 1
637 1055 1
637 1260 1
637 1347 1
637 1355 1
637 1397 1
637 1413 1
637 1535 1
637 1680 1
637 1691 1
637 1792 1
637 1833 1
637 1927 1
638 628 1
638 1908 1
639 389 1
639 491 1
639 665 1
639 821 1
639 831 1
639 894 1
639 1005 1
639 1020 1
639 1238 1
639 1457 1
639 1716 1
639 1885 1
639 1910 1
640 309 1
640 789 1
641 94 1
641 1803 1
642 495 1
642 1517 1
643 1679 1
643 1707 1
644 1406 1
644 1451 1
645 646 1
645 1316 1
646 645 1
646 1316 1
646 1339 1
647 729 1
647 1378 1
648 560 1
648 1561 1
649 668 1
649 1824 1
650 978 1
650 1033 1
651 841 1
651 1368 1
652 526 1
652 1788 1
653 313 1
653 1679 1
654 296 1
654 1397 1
655 1382 1
655 1861 1
656 495 1
657 530 1
657 1528 1
658 705 1
658 1960 1
659 879 1
659 1936 1
660 1229 1
660 1927 1
661 662 1
661 1336 1
661 1614 1
661 1698 1
661 1708 1
661 1929 1
661 1960 1
662 577 1
662 661 1
663 281 1
663 462 1
664 1717 1
664 1942 1
665 639 1
665 1910 1
666 526 1
666 620 1
667 231 1
668 649 1
668 1426 1
668 1944 1
669 705 1
669 1817 1
670 553 1
670 1109 1
671 1063 1
671 1332 1
671 1455 1
671 1475 1
671 1479 1
672 473 1
672 1858 1
673 495 1
673 886 1
673 1736 1
673 1749 1
673 1753 1
673 1755 1
673 1929 1
674 507 1
674 637 1
675 622 1
675 1116 1
676 526 1
676 620 1
677 1674 1
677 1726 1
678 1677 1
678 1783 1
679 242 1
679 526 1
680 104 1
680 516 1
682 507 1
682 1097 1
683 488 1
683 698 1
684 1547 1
684 1641 1
685 925 1
685 1729 1
686 1170 1
686 1961 1
687 1068 1
687 1916 1
688 626 1
689 370 1
689 472 1
689 620 1
689 1962 1
691 821 1
691 1884 1
692 20 1
692 718 1
693 975 1
694 628 1
694 870 1
694 1673 1
694 1675 1
694 1953 1
695 190 1
695 880 1
696 510 1
696 1512 1
697 977 1
697 1365 1
698 683 1
698 1831 1
699 1280 1
699 1635 1
699 1660 1
700 870 1
700 1529 1
701 1658 1
701 1819 1
702 1487 1
702 1702 1
703 386 1
703 779 1
703 781 1
704 263 1
704 1170 1
705 570 1
705 637 1
705 658 1
705 669 1
705 958 1
705 961 1
705 1055 1
705 1164 1
705 1501 1
705 1654 1
705 1686 1
705 1735 1
705 1736 1
705 1792 1
705 1817 1
705 1927 1
706 886 1
706 1067 1
707 1246 1
707 1498 1
708 314 1
708 1565 1
708 1823 1
709 891 1
709 1467 1
710 886 1
710 1952 1
711 526 1
711 1044 1
711 1843 1
712 1345 1
712 1917 1
713 1403 1
713 1843 1
714 1033 1
714 1890 1
714 1964 1
715 507 1
715 873 1
715 1092 1
715 1119 1
715 1285 1
715 1294 1
715 1450 1
715 1499 1
715 1537 1
715 1737 1
715 1841 1
715 1873 1
716 88 1
716 1167 1
717 1893 1
717 1952 1
718 692 1
718 823 1
718 849 1
718 1008 1
718 1027 1
718 1029 1
718 1042 1
718 1061 1
718 1082 1
718 1222 1
718 1331 1
718 1366 1
718 1429 1
718 1443 1
718 1446 1
718 1514 1
718 1592 1
718 1666 1
718 1710 1
718 1722 1
718 1737 1
718 1790 1
718 1802 1
718 1861 1
719 1088 1
719 1956 1
720 1179 1
720 1753 1
721 1943 1
721 1946 1
722 1009 1
722 1372 1
723 959 1
723 1944 1
724 1170 1
724 1964 1
725 1456 1
725 1788 1
726 526 1
726 1664 1
727 924 1
727 1365 1
728 526 1
728 983 1
729 647 1
729 931 1
730 600 1
730 780 1
731 297 1
731 524 1
732 331 1
733 863 1
733 1959 1
734 507 1
734 1963 1
735 1265 1
735 1836 1
736 1490 1
736 1505 1
737 1073 1
737 1961 1
738 616 1
738 1185 1
739 1704 1
740 754 1
740 790 1
741 617 1
741 870 1
742 526 1
742 1403 1
743 325 1
743 1586 1
744 1226 1
744 1246 1
745 628 1
745 1877 1
746 1803 1
747 524 1
747 1169 1
748 1564 1
748 1808 1
749 1143 1
749 1317 1
750 904 1
750 1745 1
751 920 1
751 1456 1
752 1170 1
752 1277 1
753 1240 1
753 1424 1
754 628 1
754 740 1
755 1236 1
755 1611 1
755 1741 1
755 1776 1
756 1514 1
756 1710 1
757 526 1
757 620 1
758 526 1
758 917 1
759 594 1
759 1001 1
759 1098 1
759 1345 1
760 437 1
760 830 1
760 934 1
760 1345 1
760 1430 1
760 1458 1
760 1729 1
761 886 1
761 1345 1
762 137 1
762 277 1
762 526 1
762 1246 1
762 1348 1
762 1364 1
762 1449 1
762 1813 1
763 1289 1
763 1526 1
764 43 1
764 779 1
764 1884 1
764 1907 1
765 986 1
765 1089 1
765 1345 1
765 1502 1
765 1568 1
766 1507 1
766 1549 1
767 629 1
767 886 1
768 495 1
768 886 1
769 1881 1
769 1938 1
770 1308 1
770 1660 1
771 1170 1
771 1964 1
772 959 1
772 1225 1
773 1100 1
773 1949 1
774 628 1
774 1035 1
774 1692 1
774 1730 1
774 1767 1
774 1837 1
775 588 1
776 920 1
776 1641 1
777 172 1
777 178 1
777 628 1
777 790 1
777 886 1
777 1002 1
777 1249 1
777 1345 1
777 1447 1
777 1555 1
777 1930 1
777 1932 1
778 510 1
778 888 1
779 386 1
779 703 1
779 764 1
779 781 1
779 825 1
779 840 1
779 1084 1
779 1884 1
780 7 1
780 730 1
781 703 1
781 779 1
782 87 1
782 526 1
782 1471 1
782 1510 1
783 1121 1
783 1345 1
784 832 1
784 1419 1
785 787 1
786 1698 1
786 1894 1
787 785 1
788 795 1
788 834 1
788 1493 1
789 640 1
789 1442 1
790 178 1
790 628 1
790 740 1
790 777 1
790 797 1
790 886 1
790 1051 1
790 1170 1
790 1194 1
790 1232 1
790 1235 1
790 1242 1
790 1416 1
790 1527 1
790 1615 1
790 1623 1
790 1692 1
790 1728 1
790 1730 1
790 1738 1
790 1758 1
790 1767 1
790 1783 1
790 1852 1
790 1877 1
790 1899 1
790 1924 1
790 1934 1
790 1942 1
791 11 1
791 959 1
792 72 1
792 1065 1
792 1070 1
792 1593 1
792 1761 1
792 1813 1
793 314 1
793 396 1
793 984 1
793 1353 1
794 886 1
794 1447 1
795 788 1
795 821 1
795 1884 1
796 821 1
796 1713 1
797 790 1
797 1200 1
797 1701 1
797 1930 1
798 391 1
799 1474 1
799 1952 1
800 954 1
800 1032 1
800 1257 1
800 1902 1
801 861 1
801 1578 1
802 606 1
802 817 1
802 1236 1
802 1605 1
802 1609 1
803 0 1
803 804 1
803 1298 1
803 1647 1
803 1690 1
804 803 1
804 1342 1
805 982 1
805 1297 1
806 850 1
806 1455 1
807 467 1
807 1909 1
808 526 1
808 632 1
808 936 1
808 1576 1
809 188 1
809 1148 1
810 922 1
811 959 1
811 1853 1
812 597 1
812 1862 1
813 370 1
813 526 1
813 620 1
813 1023 1
813 1044 1
813 1386 1
813 1542 1
813 1809 1
813 1843 1
814 400 1
814 820 1
815 1000 1
815 1189 1
816 188 1
816 233 1
817 802 1
817 1609 1
818 262 1
818 1801 1
819 908 1
819 1729 1
820 814 1
820 1953 1
821 290 1
821 639 1
821 691 1
821 795 1
821 796 1
821 824 1
821 898 1
821 998 1
821 1005 1
821 1287 1
821 1457 1
821 1493 1
821 1716 1
821 1885 1
822 47 1
822 495 1
823 718 1
823 886 1
824 821 1
824 1884 1
825 779 1
826 1201 1
826 1491 1
827 886 1
827 1657 1
828 79 1
828 1289 1
828 1352 1
828 1507 1
828 1526 1
828 1731 1
828 1903 1
829 1073 1
830 760 1
830 1228 1
831 639 1
831 1186 1
831 1210 1
831 1434 1
832 784 1
832 1096 1
833 526 1
833 1962 1
834 788 1
835 72 1
835 429 1
836 886 1
836 952 1
837 1236 1
837 1609 1
838 1345 1
838 1380 1
838 1937 1
839 1938 1
839 1945 1
840 779 1
841 487 1
841 651 1
841 1024 1
841 1368 1
841 1547 1
841 1940 1
842 451 1
842 576 1
843 1291 1
843 1660 1
844 968 1
845 861 1
845 1578 1
846 1033 1
846 1828 1
847 1044 1
847 1056 1
848 373 1
848 606 1
849 496 1
849 718 1
849 1027 1
849 1042 1
849 1061 1
849 1082 1
849 1366 1
849 1443 1
849 1625 1
849 1722 1
849 1790 1
850 806 1
850 1015 1
851 526 1
851 1714 1
852 338 1
852 1198 1
853 42 1
853 526 1
853 1110 1
853 1111 1
853 1454 1
853 1455 1
853 1504 1
853 1550 1
853 1892 1
854 520 1
854 1101 1
855 249 1
855 1598 1
856 1026 1
857 951 1
857 1855 1
858 412 1
858 1187 1
859 247 1
859 1195 1
860 587 1
860 1646 1
861 801 1
861 845 1
861 924 1
861 1213 1
861 1273 1
861 1414 1
861 1578 1
862 1090 1
862 1952 1
863 733 1
863 959 1
864 949 1
864 1579 1
865 1433 1
865 1924 1
866 1621 1
866 1945 1
867 1029 1
867 1462 1
868 1187 1
868 1745 1
869 277 1
869 1524 1
870 189 1
870 617 1
870 694 1
870 700 1
870 741 1
870 871 1
870 950 1
870 966 1
870 985 1
870 1156 1
870 1190 1
870 1205 1
870 1232 1
870 1249 1
870 1544 1
870 1567 1
870 1637 1
870 1673 1
870 1675 1
870 1688 1
870 1690 1
870 1695 1
870 1700 1
870 1721 1
870 1728 1
870 1730 1
870 1746 1
870 1757 1
870 1765 1
870 1793 1
870 1852 1
870 1877 1
870 1881 1
870 1889 1
870 1924 1
870 1934 1
870 1942 1
870 1958 1
871 870 1
871 966 1
872 526 1
872 1738 1
873 507 1
873 715 1
873 883 1
873 957 1
873 1108 1
873 1119 1
873 1183 1
873 1285 1
873 1294 1
873 1446 1
873 1450 1
873 1499 1
873 1841 1
874 894 1
874 1910 1
875 1026 1
876 1466 1
876 1697 1
877 1955 1
877 1957 1
878 301 1
878 495 1
879 659 1
879 1560 1
880 695 1
880 1364 1
881 1171 1
881 1954 1
882 1227 1
882 1909 1
883 495 1
883 873 1
884 959 1
884 1466 1
885 526 1
885 1180 1
886 78 1
886 113 1
886 121 1
886 132 1
886 161 1
886 167 1
886 219 1
886 255 1
886 323 1
886 393 1
886 448 1
886 453 1
886 454 1
886 503 1
886 512 1
886 585 1
886 632 1
886 633 1
886 673 1
886 706 1
886 710 1
886 761 1
886 767 1
886 768 1
886 777 1
886 790 1
886 794 1
886 823 1
886 827 1
886 836 1
886 887 1
886 895 1
886 918 1
886 927 1
886 952 1
886 971 1
886 973 1
886 1065 1
886 1067 1
886 1160 1
886 1163 1
886 1181 1
886 1194 1
886 1203 1
886 1209 1
886 1218 1
886 1230 1
886 1241 1
886 1242 1
886 1253 1
886 1264 1
886 1294 1
886 1299 1
886 1574 1
886 1576 1
886 1596 1
886 1599 1
886 1615 1
886 1623 1
886 1627 1
886 1657 1
886 1676 1
886 1682 1
886 1684 1
886 1703 1
886 1737 1
886 1767 1
887 886 1
887 1345 1
888 778 1
888 1447 1
889 959 1
889 1517 1
890 1617 1
890 1955 1
891 709 1
891 1626 1
892 1021 1
892 1853 1
893 408 1
893 1608 1
894 639 1
894 874 1
895 886 1
895 1345 1
896 1039 1
896 1914 1
897 468 1
897 526 1
897 1192 1
897 1542 1
897 1714 1
897 1782 1
897 1809 1
898 154 1
898 821 1
899 216 1
899 942 1
900 24 1
900 76 1
901 467 1
901 1129 1
901 1390 1
902 959 1
902 1033 1
903 11 1
903 1943 1
904 300 1
904 750 1
905 394 1
905 1345 1
906 1167 1
906 1803 1
906 1960 1
907 156 1
907 1819 1
908 819 1
908 1932 1
909 477 1
909 555 1
910 1693 1
910 1961 1
911 1345 1
911 1503 1
912 429 1
912 1769 1
913 1656 1
914 1697 1
914 1891 1
915 1202 1
915 1734 1
916 478 1
916 1651 1
917 526 1
917 758 1
918 886 1
918 1299 1
919 1034 1
920 751 1
920 776 1
921 275 1
921 288 1
922 810 1
923 1187 1
923 1959 1
924 727 1
924 861 1
925 685 1
925 1191 1
926 1033 1
926 1755 1
926 1860 1
927 217 1
927 886 1
928 560 1
928 1941 1
929 1770 1
929 1907 1
930 495 1
930 507 1
931 495 1
931 729 1
932 947 1
932 1945 1
933 203 1
933 1340 1
934 463 1
934 470 1
934 760 1
934 1794 1
935 507 1
935 1519 1
935 1883 1
935 1959 1
936 526 1
936 632 1
936 808 1
936 1163 1
936 1203 1
937 1226 1
937 1894 1
938 17 1
938 1178 1
939 1080 1
939 1100 1
939 1521 1
940 1089 1
940 1734 1
941 1400 1
941 1944 1
942 561 1
942 899 1
943 493 1
943 1447 1
944 990 1
944 1570 1
945 1734 1
945 1777 1
946 192 1
946 1143 1
947 606 1
947 932 1
948 1033 1
948 1964 1
949 526 1
949 565 1
949 597 1
949 864 1
949 1022 1
949 1530 1
949 1656 1
949 1681 1
949 1810 1
949 1811 1
949 1862 1
950 870 1
950 1774 1
951 857 1
951 1866 1
952 836 1
952 886 1
953 1131 1
953 1407 1
954 800 1
954 1557 1
955 303 1
955 369 1
956 1123 1
956 1246 1
956 1869 1
957 873 1
957 1836 1
958 178 1
958 241 1
958 623 1
958 705 1
958 985 1
958 1007 1
958 1190 1
958 1394 1
958 1433 1
958 1572 1
958 1637 1
958 1647 1
958 1721 1
958 1746 1
958 1881 1
958 1899 1
958 1908 1
959 11 1
959 197 1
959 467 1
959 505 1
959 624 1
959 723 1
959 772 1
959 791 1
959 811 1
959 863 1
959 884 1
959 889 1
959 902 1
959 991 1
959 1225 1
959 1288 1
959 1317 1
959 1319 1
959 1336 1
959 1346 1
959 1355 1
959 1427 1
959 1460 1
959 1488 1
959 1558 1
959 1582 1
959 1590 1
959 1596 1
959 1629 1
959 1630 1
959 1665 1
959 1676 1
959 1728 1
959 1731 1
959 1768 1
959 1791 1
959 1824 1
959 1825 1
959 1943 1
960 507 1
960 1519 1
961 705 1
961 1551 1
962 1857 1
963 90 1
963 1311 1
964 456 1
964 1073 1
965 1751 1
965 1889 1
966 870 1
966 871 1
967 229 1
967 1345 1
968 338 1
968 494 1
968 592 1
968 844 1
968 1245 1
968 1395 1
968 1702 1
968 1871 1
968 1897 1
969 1723 1
969 1758 1
970 1459 1
970 1464 1
971 886 1
971 1447 1
972 495 1
972 1309 1
972 1466 1
972 1939 1
973 886 1
973 1345 1
974 1296 1
974 1949 1
975 693 1
976 1115 1
976 1229 1
976 1608 1
976 1654 1
977 697 1
977 1750 1
978 650 1
978 1295 1
978 1363 1
978 1571 1
978 1726 1
978 1865 1
978 1961 1
979 563 1
979 1929 1
980 413 1
980 989 1
980 1187 1
980 1606 1
981 85 1
981 436 1
982 805 1
982 1454 1
983 526 1
983 728 1
984 396 1
984 793 1
985 870 1
985 958 1
986 765 1
986 1964 1
987 1756 1
987 1857 1
988 1516 1
989 980 1
989 1937 1
990 0 1
990 944 1
991 495 1
991 959 1
992 191 1
992 1099 1
993 1534 1
993 1612 1
994 999 1
994 1177 1
994 1933 1
995 1930 1
995 1938 1
995 1945 1
996 606 1
996 1915 1
997 1101 1
997 1254 1
997 1887 1
998 821 1
998 1287 1
998 1434 1
999 994 1
999 1170 1
999 1933 1
1000 250 1
1000 481 1
1000 815 1
1000 1170 1
1000 1442 1
1000 1563 1
1000 1581 1
1000 1609 1
1000 1826 1
1001 759 1
1001 1818 1
1001 1937 1
1002 130 1
1002 777 1
1002 1345 1
1003 498 1
1003 1761 1
1003 1882 1
1004 1056 1
1004 1513 1
1004 1798 1
1005 389 1
1005 639 1
1005 821 1
1005 1238 1
1005 1457 1
1005 1716 1
1005 1910 1
1006 94 1
1006 1181 1
1006 1756 1
1006 1907 1
1007 958 1
1007 1167 1
1007 1397 1
1007 1570 1
1007 1793 1
1007 1838 1
1007 1947 1
1008 718 1
1008 1029 1
1008 1836 1
1009 634 1
1009 722 1
1009 1125 1
1009 1364 1
1010 26 1
1010 526 1
1010 1018 1
1010 1080 1
1010 1393 1
1010 1421 1
1010 1569 1
1010 1628 1
1010 1816 1
1010 1830 1
1011 42 1
1011 1617 1
1011 1955 1
1012 317 1
1012 526 1
1012 620 1
1013 571 1
1013 614 1
1013 1141 1
1014 628 1
1014 1572 1
1014 1958 1
1015 277 1
1015 380 1
1015 526 1
1015 567 1
1015 587 1
1015 850 1
1015 1022 1
1015 1123 1
1015 1479 1
1015 1481 1
1015 1685 1
1015 1926 1
1015 1935 1
1016 526 1
1016 1468 1
1016 1565 1
1016 1704 1
1016 1715 1
1016 1914 1
1017 1447 1
1017 1786 1
1017 1946 1
1018 468 1
1018 526 1
1018 620 1
1018 1010 1
1018 1304 1
1018 1473 1
1019 1459 1
1019 1464 1
1019 1669 1
1020 389 1
1020 639 1
1020 1910 1
1021 892 1
1021 1335 1
1021 1853 1
1022 949 1
1022 1015 1
1022 1656 1
1022 1957 1
1023 526 1
1023 620 1
1023 813 1
1024 315 1
1024 841 1
1024 1368 1
1025 628 1
1025 1695 1
1025 1953 1
1026 627 1
1026 856 1
1026 875 1
1026 1609 1
1026 1611 1
1026 1706 1
1026 1827 1
1027 496 1
1027 718 1
1027 849 1
1027 1061 1
1027 1666 1
1028 410 1
1028 1073 1
1028 1933 1
1029 718 1
1029 867 1
1029 1008 1
1029 1626 1
1029 1737 1
1029 1836 1
1029 1873 1
1030 560 1
1030 1532 1
1031 526 1
1031 1133 1
1032 178 1
1032 800 1
1032 1902 1
1033 28 1
1033 365 1
1033 483 1
1033 549 1
1033 577 1
1033 650 1
1033 714 1
1033 846 1
1033 902 1
1033 926 1
1033 948 1
1033 1076 1
1033 1080 1
1033 1093 1
1033 1172 1
1033 1233 1
1033 1248 1
1033 1295 1
1033 1490 1
1033 1523 1
1033 1571 1
1033 1701 1
1033 1727 1
1033 1742 1
1033 1762 1
1033 1797 1
1033 1828 1
1033 1860 1
1033 1865 1
1033 1896 1
1033 1898 1
1033 1905 1
1033 1911 1
1033 1931 1
1033 1964 1
1034 157 1
1034 375 1
1034 608 1
1034 919 1
1034 1115 1
1034 1207 1
1035 774 1
1035 1176 1
1035 1205 1
1035 1348 1
1035 1458 1
1035 1594 1
1035 1617 1
1035 1728 1
1035 1881 1
1036 526 1
1036 587 1
1036 1954 1
1037 526 1
1037 1494 1
1038 287 1
1038 372 1
1038 1857 1
1039 896 1
1039 1193 1
1039 1856 1
1040 495 1
1040 1469 1
1040 1783 1
1041 57 1
1041 531 1
1041 593 1
1042 496 1
1042 718 1
1042 849 1
1043 628 1
1043 1057 1
1043 1746 1
1043 1958 1
1044 526 1
1044 587 1
1044 711 1
1044 813 1
1044 847 1
1044 1553 1
1044 1587 1
1044 1616 1
1044 1663 1
1044 1843 1
1044 1926 1
1045 183 1
1045 352 1
1045 484 1
1045 606 1
1045 1046 1
1045 1074 1
1045 1091 1
1045 1103 1
1045 1236 1
1045 1274 1
1045 1472 1
1045 1544 1
1045 1560 1
1045 1609 1
1045 1620 1
1045 1706 1
1045 1777 1
1045 1800 1
1045 1847 1
1045 1936 1
1045 1951 1
1046 1045 1
1046 1170 1
1046 1777 1
1047 93 1
1047 1192 1
1047 1586 1
1048 574 1
1048 1128 1
1048 1266 1
1049 522 1
1049 1561 1
1049 1818 1
1050 504 1
1050 1306 1
1050 1771 1
1051 628 1
1051 790 1
1051 1416 1
1052 389 1
1052 1186 1
1053 1447 1
1053 1786 1
1053 1946 1
1054 1414 1
1054 1913 1
1054 1965 1
1055 197 1
1055 637 1
1055 705 1
1055 1071 1
1055 1333 1
1055 1803 1
1056 526 1
1056 532 1
1056 620 1
1056 847 1
1056 1004 1
1056 1320 1
1056 1403 1
1056 1604 1
1056 1782 1
1056 1798 1
1056 1876 1
1057 628 1
1057 1043 1
1057 1655 1
1058 1374 1
1058 1448 1
1058 1484 1
1059 628 1
1059 1928 1
1059 1948 1
1060 1399 1
1060 1743 1
1060 1920 1
1061 718 1
1061 849 1
1061 1027 1
1062 518 1
1062 1659 1
1062 1672 1
1062 1803 1
1063 215 1
1063 671 1
1063 1332 1
1064 115 1
1064 345 1
1064 1117 1
1064 1725 1
1064 1789 1
1065 172 1
1065 792 1
1065 886 1
1065 1271 1
1065 1345 1
1065 1380 1
1065 1574 1
1065 1657 1
1065 1761 1
1066 1124 1
1066 1856 1
1066 1914 1
1067 706 1
1067 886 1
1067 1265 1
1067 1335 1
1067 1745 1
1067 1836 1
1067 1900 1
1068 687 1
1068 1104 1
1068 1870 1
1068 1916 1
1069 327 1
1069 1595 1
1069 1777 1
1070 119 1
1070 792 1
1070 1170 1
1070 1252 1
1071 1055 1
1071 1137 1
1071 1177 1
1071 1744 1
1071 1911 1
1072 178 1
1072 526 1
1072 1367 1
1073 466 1
1073 536 1
1073 737 1
1073 829 1
1073 964 1
1073 1028 1
1073 1300 1
1073 1350 1
1073 1449 1
1073 1543 1
1073 1556 1
1073 1577 1
1073 1645 1
1073 1719 1
1073 1777 1
1073 1797 1
1073 1814 1
1073 1912 1
1073 1918 1
1073 1960 1
1074 1045 1
1074 1480 1
1074 1943 1
1075 1582 1
1075 1762 1
1075 1929 1
1076 577 1
1076 1033 1
1076 1727 1
1077 28 1
1077 549 1
1077 1170 1
1078 72 1
1078 338 1
1078 477 1
1079 586 1
1079 1308 1
1079 1660 1
1080 422 1
1080 939 1
1080 1010 1
1080 1033 1
1080 1337 1
1080 1437 1
1080 1624 1
1080 1886 1
1080 1964 1
1081 1181 1
1081 1589 1
1081 1806 1
1082 718 1
1082 849 1
1083 1216 1
1083 1496 1
1084 188 1
1084 491 1
1084 779 1
1085 628 1
1085 1246 1
1085 1928 1
1086 590 1
1086 623 1
1086 1235 1
1086 1673 1
1086 1765 1
1086 1857 1
1086 1948 1
1087 423 1
1087 628 1
1087 1928 1
1088 506 1
1088 719 1
1088 1956 1
1089 765 1
1089 940 1
1089 1214 1
1090 234 1
1090 274 1
1090 862 1
1091 183 1
1091 1045 1
1091 1236 1
1091 1274 1
1091 1284 1
1091 1305 1
1091 1544 1
1091 1732 1
1091 1775 1
1092 580 1
1092 715 1
1092 1873 1
1093 124 1
1093 507 1
1093 1033 1
1093 1204 1
1093 1861 1
1094 1200 1
1094 1765 1
1094 1930 1
1095 452 1
1095 1546 1
1095 1787 1
1096 832 1
1096 1505 1
1096 1761 1
1096 1882 1
1097 507 1
1097 682 1
1097 1945 1
1098 594 1
1098 759 1
1098 1152 1
1098 1619 1
1098 1846 1
1098 1900 1
1099 72 1
1099 992 1
1099 1170 1
1099 1634 1
1099 1822 1
1099 1844 1
1099 1863 1
1099 1918 1
1100 72 1
1100 474 1
1100 773 1
1100 939 1
1100 1170 1
1100 1497 1
1100 1521 1
1100 1832 1
1101 338 1
1101 520 1
1101 521 1
1101 854 1
1101 997 1
1101 1153 1
1101 1307 1
1101 1338 1
1101 1357 1
1101 1449 1
1101 1490 1
1101 1502 1
1101 1505 1
1101 1631 1
1101 1632 1
1101 1777 1
1101 1887 1
1101 1889 1
1101 1906 1
1102 628 1
1102 1309 1
1102 1729 1
1103 183 1
1103 1045 1
1103 1685 1
1104 1068 1
1105 526 1
1105 587 1
1105 1538 1
1106 28 1
1106 1214 1
1106 1312 1
1107 156 1
1107 1668 1
1107 1751 1
1108 582 1
1108 873 1
1108 1429 1
1109 670 1
1109 1656 1
1110 61 1
1110 526 1
1110 853 1
1111 526 1
1111 853 1
1111 1479 1
1111 1789 1
1112 1573 1
1112 1610 1
1112 1613 1
1113 1348 1
1113 1402 1
1113 1705 1
1113 1953 1
1114 1940 1
1114 1965 1
1115 326 1
1115 469 1
1115 976 1
1115 1034 1
1115 1164 1
1115 1207 1
1115 1275 1
1115 1608 1
1116 362 1
1116 675 1
1116 1959 1
1117 115 1
1117 1064 1
1118 1286 1
1118 1603 1
1118 1842 1
1119 495 1
1119 715 1
1119 873 1
1119 1183 1
1120 42 1
1120 1617 1
1120 1920 1
1121 454 1
1121 783 1
1121 1299 1
1122 144 1
1122 1152 1
1122 1178 1
1122 1870 1
1123 956 1
1123 1015 1
1123 1869 1
1124 292 1
1124 1066 1
1124 1468 1
1125 37 1
1125 1009 1
1125 1428 1
1126 277 1
1126 526 1
1126 1138 1
1126 1311 1
1126 1353 1
1126 1448 1
1126 1704 1
1126 1740 1
1126 1766 1
1126 1785 1
1126 1926 1
1126 1952 1
1127 1345 1
1127 1800 1
1127 1937 1
1128 610 1
1128 1048 1
1128 1256 1
1128 1290 1
1128 1389 1
1128 1447 1
1128 1482 1
1128 1488 1
1128 1661 1
1129 467 1
1129 901 1
1129 1181 1
1130 577 1
1130 1568 1
1130 1921 1
1131 953 1
1131 1407 1
1131 1449 1
1131 1851 1
1132 606 1
1132 1895 1
1132 1951 1
1133 526 1
1133 546 1
1133 587 1
1133 1031 1
1133 1318 1
1134 28 1
1134 124 1
1134 1844 1
1135 72 1
1135 578 1
1136 560 1
1136 1480 1
1137 1071 1
1137 1632 1
1137 1744 1
1138 1126 1
1138 1353 1
1139 507 1
1139 1585 1
1139 1874 1
1139 1878 1
1140 1222 1
1140 1325 1
1140 1539 1
1141 598 1
1141 1013 1
1141 1665 1
1141 1744 1
1141 1762 1
1141 1808 1
1141 1904 1
1142 72 1
1142 331 1
1142 524 1
1143 749 1
1143 946 1
1143 1189 1
1144 1146 1
1144 1187 1
1144 1432 1
1144 1733 1
1144 1804 1
1145 282 1
1145 1449 1
1145 1725 1
1146 518 1
1146 572 1
1146 1144 1
1146 1187 1
1146 1391 1
1146 1539 1
1146 1558 1
1146 1672 1
1146 1794 1
1146 1838 1
1147 23 1
1147 1211 1
1147 1503 1
1148 809 1
1148 1770 1
1148 1943 1
1149 139 1
1149 560 1
1149 1819 1
1150 118 1
1150 1246 1
1150 1801 1
1152 141 1
1152 1098 1
1152 1122 1
1153 37 1
1153 38 1
1153 1101 1
1154 1298 1
1154 1838 1
1154 1947 1
1155 183 1
1155 560 1
1155 1575 1
1155 1773 1
1155 1951 1
1156 229 1
1156 870 1
1156 1516 1
1157 507 1
1157 1486 1
1157 1950 1
1158 179 1
1158 1189 1
1158 1803 1
1159 1170 1
1159 1204 1
1159 1749 1
1160 495 1
1160 886 1
1160 1447 1
1161 495 1
1161 1234 1
1161 1247 1
1161 1522 1
1161 1596 1
1161 1825 1
1162 526 1
1162 1328 1
1162 1738 1
1163 886 1
1163 936 1
1163 1506 1
1164 570 1
1164 705 1
1164 1115 1
1164 1229 1
1164 1735 1
1164 1927 1
1165 230 1
1165 1560 1
1165 1706 1
1166 1424 1
1166 1859 1
1166 1872 1
1167 241 1
1167 716 1
1167 906 1
1167 1007 1
1167 1269 1
1167 1838 1
1168 8 1
1168 343 1
1168 551 1
1169 171 1
1169 747 1
1169 1412 1
1170 482 1
1170 686 1
1170 704 1
1170 724 1
1170 752 1
1170 771 1
1170 790 1
1170 999 1
1170 1000 1
1170 1046 1
1170 1070 1
1170 1077 1
1170 1099 1
1170 1100 1
1170 1159 1
1170 1181 1
1170 1248 1
1170 1276 1
1170 1310 1
1170 1357 1
1170 1361 1
1170 1495 1
1170 1521 1
1170 1543 1
1170 1548 1
1170 1566 1
1170 1577 1
1170 1708 1
1170 1747 1
1170 1751 1
1170 1777 1
1170 1827 1
1170 1912 1
1170 1922 1
1170 1932 1
1171 881 1
1171 1658 1
1171 1960 1
1172 1033 1
1172 1346 1
1172 1634 1
1172 1769 1
1173 1333 1
1173 1483 1
1174 1498 1
1174 1761 1
1174 1904 1
1175 23 1
1175 1344 1
1175 1440 1
1175 1503 1
1176 1035 1
1176 1567 1
1176 1867 1
1177 994 1
1177 1071 1
1177 1244 1
1177 1564 1
1177 1736 1
1177 1753 1
1177 1964 1
1178 938 1
1178 1122 1
1178 1870 1
1179 19 1
1179 142 1
1179 572 1
1179 720 1
1179 1256 1
1179 1345 1
1180 885 1
1180 1771 1
1180 1785 1
1181 467 1
1181 886 1
1181 1006 1
1181 1081 1
1181 1129 1
1181 1170 1
1181 1390 1
1182 1915 1
1183 495 1
1183 873 1
1183 1119 1
1184 48 1
1184 141 1
1184 272 1
1185 87 1
1185 149 1
1185 738 1
1185 1543 1
1186 389 1
1186 831 1
1186 1052 1
1186 1910 1
1187 495 1
1187 858 1
1187 868 1
1187 923 1
1187 980 1
1187 1144 1
1187 1146 1
1187 1255 1
1187 1256 1
1187 1345 1
1187 1409 1
1187 1435 1
1187 1447 1
1187 1672 1
1187 1733 1
1187 1959 1
1188 1527 1
1188 1858 1
1188 1909 1
1189 815 1
1189 1143 1
1189 1158 1
1190 628 1
1190 870 1
1190 958 1
1190 1655 1
1190 1750 1
1190 1948 1
1190 1958 1
1191 79 1
1191 925 1
1191 1907 1
1192 526 1
1192 897 1
1192 1047 1
1192 1345 1
1193 1039 1
1193 1639 1
1193 1856 1
1193 1914 1
1194 790 1
1194 886 1
1194 1345 1
1195 3 1
1195 859 1
1195 1529 1
1196 470 1
1196 1356 1
1196 1597 1
1197 81 1
1197 1365 1
1198 338 1
1198 852 1
1198 1821 1
1199 374 1
1199 526 1
1199 613 1
1199 1311 1
1199 1528 1
1199 1565 1
1199 1743 1
1200 797 1
1200 1094 1
1200 1950 1
1201 299 1
1201 442 1
1201 826 1
1201 1491 1
1201 1515 1
1201 1829 1
1201 1851 1
1201 1901 1
1201 1940 1
1201 1965 1
1202 915 1
1202 1326 1
1202 1921 1
1203 604 1
1203 886 1
1203 936 1
1204 1093 1
1204 1159 1
1204 1840 1
1205 870 1
1205 1035 1
1205 1717 1
1206 97 1
1206 495 1
1206 1447 1
1207 469 1
1207 1034 1
1207 1115 1
1208 246 1
1208 1424 1
1208 1709 1
1208 1748 1
1208 1800 1
1208 1946 1
1209 886 1
1209 1345 1
1209 1447 1
1210 831 1
1210 1373 1
1211 23 1
1211 1147 1
1211 1344 1
1212 38 1
1212 509 1
1212 1213 1
1212 1273 1
1212 1705 1
1212 1815 1
1212 1850 1
1213 861 1
1213 1212 1
1213 1273 1
1214 342 1
1214 527 1
1214 618 1
1214 1089 1
1214 1106 1
1214 1497 1
1214 1556 1
1214 1641 1
1214 1642 1
1214 1658 1
1214 1671 1
1214 1694 1
1214 1719 1
1214 1832 1
1214 1905 1
1214 1918 1
1215 1246 1
1215 1852 1
1215 1877 1
1216 349 1
1216 1083 1
1216 1496 1
1217 1449 1
1217 1562 1
1217 1708 1
1218 495 1
1218 886 1
1218 1703 1
1219 540 1
1219 1609 1
1219 1644 1
1220 298 1
1220 561 1
1221 42 1
1221 526 1
1221 1955 1
1222 718 1
1222 1140 1
1222 1592 1
1223 72 1
1223 1761 1
1223 1832 1
1224 351 1
1224 1380 1
1224 1461 1
1224 1745 1
1225 772 1
1225 959 1
1225 1943 1
1226 744 1
1226 937 1
1227 882 1
1227 1303 1
1227 1591 1
1227 1917 1
1227 1963 1
1228 334 1
1228 354 1
1228 526 1
1228 830 1
1228 1729 1
1229 559 1
1229 570 1
1229 599 1
1229 660 1
1229 976 1
1229 1164 1
1229 1654 1
1230 886 1
1230 1447 1
1230 1946 1
1231 1828 1
1231 1923 1
1231 1950 1
1232 217 1
1232 628 1
1232 790 1
1232 870 1
1232 1257 1
1232 1465 1
1232 1470 1
1232 1485 1
1232 1569 1
1232 1852 1
1233 1033 1
1233 1751 1
1233 1828 1
1234 399 1
1234 1161 1
1234 1261 1
1234 1518 1
1234 1874 1
1235 628 1
1235 790 1
1235 1086 1
1235 1852 1
1236 606 1
1236 755 1
1236 802 1
1236 837 1
1236 1045 1
1236 1091 1
1236 1274 1
1236 1609 1
1236 1611 1
1236 1775 1
1236 1776 1
1236 1936 1
1236 1964 1
1237 628 1
1237 1477 1
1237 1958 1
1238 491 1
1238 574 1
1238 639 1
1238 1005 1
1238 1716 1
1238 1885 1
1239 277 1
1239 526 1
1239 1530 1
1240 277 1
1240 753 1
1240 1328 1
1241 392 1
1241 886 1
1241 1345 1
1242 790 1
1242 886 1
1242 1655 1
1243 560 1
1243 1284 1
1243 1919 1
1244 308 1
1244 1177 1
1244 1511 1
1244 1724 1
1244 1863 1
1245 968 1
1245 1875 1
1246 26 1
1246 218 1
1246 277 1
1246 526 1
1246 585 1
1246 623 1
1246 628 1
1246 707 1
1246 744 1
1246 762 1
1246 956 1
1246 1085 1
1246 1150 1
1246 1215 1
1246 1351 1
1246 1372 1
1246 1448 1
1246 1593 1
1246 1730 1
1246 1743 1
1246 1774 1
1246 1778 1
1246 1824 1
1246 1835 1
1246 1852 1
1246 1869 1
1246 1928 1
1246 1957 1
1246 1961 1
1247 495 1
1247 1161 1
1247 1283 1
1248 1033 1
1248 1170 1
1248 1964 1
1249 495 1
1249 628 1
1249 777 1
1249 870 1
1249 1555 1
1249 1721 1
1249 1723 1
1249 1758 1
1249 1899 1
1249 1942 1
1249 1948 1
1250 1374 1
1250 1448 1
1250 1484 1
1251 119 1
1251 1364 1
1251 1541 1
1251 1813 1
1251 1954 1
1252 352 1
1252 1070 1
1252 1431 1
1253 886 1
1253 1340 1
1253 1453 1
1254 545 1
1254 997 1
1254 1338 1
1255 1187 1
1255 1795 1
1255 1963 1
1256 624 1
1256 1128 1
1256 1179 1
1256 1187 1
1256 1661 1
1256 1891 1
1257 26 1
1257 515 1
1257 800 1
1257 1232 1
1257 1552 1
1257 1569 1
1258 1292 1
1258 1662 1
1258 1849 1
1259 1828 1
1259 1923 1
1259 1950 1
1260 150 1
1260 637 1
1260 1622 1
1261 1234 1
1261 1874 1
1261 1878 1
1262 507 1
1262 1292 1
1262 1662 1
1263 481 1
1263 1415 1
1263 1912 1
1264 368 1
1264 886 1
1264 1279 1
1264 1952 1
1265 735 1
1265 1067 1
1265 1745 1
1266 1048 1
1266 1672 1
1266 1803 1
1267 352 1
1267 470 1
1267 1764 1
1268 526 1
1268 1403 1
1269 1167 1
1269 1272 1
1269 1282 1
1269 1570 1
1269 1672 1
1269 1734 1
1269 1804 1
1270 1291 1
1270 1635 1
1270 1660 1
1271 178 1
1271 1065 1
1271 1961 1
1272 1269 1
1272 1282 1
1272 1326 1
1272 1947 1
1273 38 1
1273 137 1
1273 861 1
1273 1212 1
1273 1213 1
1273 1302 1
1273 1372 1
1273 1405 1
1273 1612 1
1273 1633 1
1273 1880 1
1273 1925 1
1274 560 1
1274 1045 1
1274 1091 1
1274 1236 1
1274 1605 1
1274 1609 1
1274 1915 1
1274 1951 1
1275 469 1
1275 1115 1
1275 1608 1
1276 1170 1
1276 1747 1
1276 1828 1
1277 752 1
1277 1854 1
1277 1956 1
1278 1711 1
1278 1805 1
1278 1949 1
1279 368 1
1279 1264 1
1279 1630 1
1279 1731 1
1280 363 1
1280 699 1
1280 1540 1
1281 40 1
1281 57 1
1281 1370 1
1281 1847 1
1281 1868 1
1282 1269 1
1282 1272 1
1282 1734 1
1283 1247 1
1283 1444 1
1283 1662 1
1284 1091 1
1284 1243 1
1284 1621 1
1285 495 1
1285 715 1
1285 873 1
1286 270 1
1286 1118 1
1286 1748 1
1287 821 1
1287 998 1
1288 11 1
1288 959 1
1288 1466 1
1289 763 1
1289 828 1
1289 1526 1
1290 573 1
1290 1128 1
1290 1319 1
1290 1389 1
1290 1408 1
1290 1482 1
1290 1512 1
1290 1630 1
1291 843 1
1291 1270 1
1292 350 1
1292 1258 1
1292 1262 1
1293 1619 1
1293 1818 1
1293 1900 1
1294 715 1
1294 873 1
1294 886 1
1295 978 1
1295 1033 1
1295 1387 1
1295 1708 1
1295 1828 1
1295 1905 1
1295 1964 1
1296 72 1
1296 484 1
1296 974 1
1297 805 1
1297 1955 1
1297 1957 1
1298 628 1
1298 803 1
1298 1154 1
1298 1595 1
1298 1647 1
1298 1723 1
1299 886 1
1299 918 1
1299 1121 1
1300 1073 1
1300 1960 1
1300 1961 1
1301 1828 1
1301 1923 1
1301 1950 1
1302 441 1
1302 1273 1
1302 1405 1
1302 1880 1
1303 1227 1
1303 1359 1
1303 1591 1
1303 1602 1
1303 1963 1
1304 82 1
1304 526 1
1304 1018 1
1305 1091 1
1305 1544 1
1305 1963 1
1306 1050 1
1306 1771 1
1306 1843 1
1307 202 1
1307 628 1
1307 1101 1
1308 44 1
1308 770 1
1308 1079 1
1308 1327 1
1308 1660 1
1309 972 1
1309 1102 1
1309 1466 1
1309 1754 1
1309 1759 1
1309 1760 1
1309 1768 1
1309 1888 1
1310 1170 1
1310 1449 1
1310 1952 1
1311 963 1
1311 1126 1
1311 1199 1
1311 1321 1
1311 1398 1
1311 1447 1
1311 1683 1
1311 1766 1
1311 1785 1
1311 1823 1
1311 1952 1
1312 28 1
1312 1106 1
1312 1314 1
1313 567 1
1313 1455 1
1313 1939 1
1314 28 1
1314 1312 1
1314 1652 1
1315 628 1
1315 1928 1
1315 1948 1
1316 603 1
1316 645 1
1316 646 1
1317 507 1
1317 749 1
1317 959 1
1318 620 1
1318 1133 1
1319 959 1
1319 1290 1
1319 1482 1
1319 1512 1
1320 1056 1
1320 1584 1
1320 1876 1
1321 444 1
1321 1311 1
1321 1743 1
1322 89 1
1322 526 1
1322 1789 1
1323 507 1
1323 541 1
1323 1849 1
1324 578 1
1324 1607 1
1324 1807 1
1325 1140 1
1325 1592 1
1326 1202 1
1326 1272 1
1326 1397 1
1326 1570 1
1326 1947 1
1327 411 1
1327 1308 1
1327 1660 1
1328 277 1
1328 526 1
1328 1162 1
1328 1240 1
1328 1650 1
1328 1743 1
1328 1957 1
1329 550 1
1329 560 1
1329 1525 1
1330 578 1
1330 1607 1
1330 1807 1
1331 496 1
1331 718 1
1331 1443 1
1331 1625 1
1331 1666 1
1331 1722 1
1331 1737 1
1331 1790 1
1332 671 1
1332 1063 1
1332 1423 1
1333 1055 1
1333 1173 1
1334 519 1
1334 1819 1
1334 1845 1
1335 522 1
1335 1021 1
1335 1067 1
1335 1619 1
1335 1900 1
1336 661 1
1336 959 1
1336 1701 1
1337 1080 1
1337 1719 1
1337 1965 1
1338 1101 1
1338 1254 1
1338 1631 1
1339 225 1
1339 243 1
1339 386 1
1339 646 1
1340 933 1
1340 1253 1
1340 1362 1
1340 1375 1
1340 1545 1
1340 1820 1
1340 1867 1
1340 1956 1
1341 313 1
1341 1890 1
1341 1905 1
1342 168 1
1342 804 1
1342 1541 1
1342 1813 1
1342 1871 1
1342 1950 1
1343 322 1
1343 1447 1
1343 1724 1
1344 23 1
1344 1175 1
1344 1211 1
1344 1440 1
1344 1503 1
1345 46 1
1345 49 1
1345 65 1
1345 79 1
1345 195 1
1345 355 1
1345 359 1
1345 476 1
1345 480 1
1345 488 1
1345 489 1
1345 490 1
1345 493 1
1345 544 1
1345 605 1
1345 633 1
1345 712 1
1345 759 1
1345 760 1
1345 761 1
1345 765 1
1345 777 1
1345 783 1
1345 838 1
1345 887 1
1345 895 1
1345 905 1
1345 911 1
1345 967 1
1345 973 1
1345 1002 1
1345 1065 1
1345 1127 1
1345 1179 1
1345 1187 1
1345 1192 1
1345 1194 1
1345 1209 1
1345 1241 1
1345 1462 1
1345 1463 1
1345 1466 1
1345 1474 1
1345 1529 1
1345 1543 1
1345 1585 1
1345 1657 1
1345 1667 1
1345 1682 1
1345 1689 1
1345 1699 1
1345 1703 1
1345 1729 1
1345 1733 1
1345 1755 1
1345 1772 1
1345 1791 1
1345 1801 1
1345 1809 1
1345 1846 1
1345 1849 1
1345 1860 1
1345 1930 1
1346 429 1
1346 959 1
1346 1172 1
1346 1355 1
1346 1520 1
1346 1582 1
1347 150 1
1347 188 1
1347 637 1
1347 1397 1
1347 1535 1
1347 1680 1
1347 1691 1
1348 628 1
1348 762 1
1348 1035 1
1348 1113 1
1349 340 1
1349 606 1
1349 1945 1
1350 1073 1
1350 1603 1
1350 1607 1
1351 526 1
1351 1246 1
1351 1902 1
1352 23 1
1352 828 1
1352 1526 1
1352 1549 1
1352 1731 1
1352 1903 1
1353 26 1
1353 314 1
1353 396 1
1353 526 1
1353 793 1
1353 1126 1
1353 1138 1
1353 1617 1
1354 1656 1
1354 1704 1
1355 637 1
1355 959 1
1355 1346 1
1356 470 1
1356 1196 1
1356 1597 1
1357 72 1
1357 557 1
1357 1101 1
1357 1170 1
1357 1436 1
1357 1476 1
1357 1634 1
1357 1711 1
1357 1889 1
1358 536 1
1358 577 1
1358 1641 1
1359 1303 1
1359 1591 1
1359 1917 1
1360 1568 1
1360 1741 1
1360 1819 1
1361 623 1
1361 1170 1
1361 1897 1
1362 1340 1
1362 1854 1
1362 1956 1
1363 577 1
1363 978 1
1363 1379 1
1363 1387 1
1363 1851 1
1364 190 1
1364 762 1
1364 880 1
1364 1009 1
1364 1251 1
1364 1612 1
1365 178 1
1365 697 1
1365 727 1
1365 1197 1
1365 1381 1
1365 1641 1
1366 496 1
1366 718 1
1366 849 1
1367 526 1
1367 1072 1
1367 1441 1
1368 651 1
1368 841 1
1368 1024 1
1369 428 1
1369 496 1
1369 615 1
1370 1281 1
1370 1472 1
1370 1706 1
1371 621 1
1371 628 1
1371 1958 1
1372 722 1
1372 1246 1
1372 1273 1
1373 389 1
1373 433 1
1373 1210 1
1374 26 1
1374 1058 1
1374 1250 1
1375 1340 1
1375 1854 1
1375 1956 1
1376 526 1
1376 1617 1
1376 1954 1
1377 73 1
1377 77 1
1377 587 1
1378 507 1
1378 647 1
1378 1522 1
1379 607 1
1379 1363 1
1379 1387 1
1379 1562 1
1379 1828 1
1380 838 1
1380 1065 1
1380 1224 1
1381 1365 1
1381 1641 1
1382 655 1
1382 1546 1
1382 1627 1
1382 1787 1
1383 577 1
1383 1693 1
1383 1921 1
1384 561 1
1384 1732 1
1385 484 1
1385 575 1
1385 1960 1
1386 370 1
1386 526 1
1386 813 1
1387 577 1
1387 1295 1
1387 1363 1
1387 1379 1
1387 1645 1
1387 1904 1
1387 1921 1
1388 526 1
1388 1799 1
1388 1962 1
1389 1128 1
1389 1290 1
1389 1482 1
1390 467 1
1390 901 1
1390 1181 1
1391 1146 1
1391 1672 1
1391 1959 1
1392 526 1
1392 566 1
1392 1550 1
1393 26 1
1393 526 1
1393 1010 1
1393 1421 1
1393 1552 1
1393 1569 1
1393 1628 1
1393 1816 1
1393 1830 1
1394 623 1
1394 958 1
1394 1803 1
1395 968 1
1395 1442 1
1395 1451 1
1395 1703 1
1395 1961 1
1396 1406 1
1396 1451 1
1397 637 1
1397 654 1
1397 1007 1
1397 1326 1
1397 1347 1
1397 1570 1
1398 1311 1
1398 1565 1
1398 1858 1
1399 277 1
1399 526 1
1399 1060 1
1399 1425 1
1399 1565 1
1399 1879 1
1400 317 1
1400 526 1
1400 941 1
1401 578 1
1401 1612 1
1401 1815 1
1402 1113 1
1402 1815 1
1403 526 1
1403 713 1
1403 742 1
1403 1056 1
1403 1268 1
1403 1418 1
1403 1487 1
1403 1580 1
1403 1798 1
1404 1704 1
1404 1718 1
1404 1720 1
1405 1273 1
1405 1302 1
1405 1515 1
1406 578 1
1406 644 1
1406 1396 1
1406 1875 1
1406 1940 1
1407 138 1
1407 226 1
1407 953 1
1407 1131 1
1407 1965 1
1408 336 1
1408 1290 1
1409 1187 1
1409 1795 1
1409 1963 1
1410 1504 1
1410 1681 1
1410 1811 1
1411 1459 1
1411 1464 1
1411 1524 1
1412 1169 1
1412 1437 1
1412 1439 1
1413 150 1
1413 637 1
1413 1622 1
1414 218 1
1414 427 1
1414 861 1
1414 1054 1
1414 1536 1
1414 1633 1
1414 1965 1
1415 606 1
1415 1263 1
1415 1741 1
1416 790 1
1416 1051 1
1416 1783 1
1417 40 1
1417 319 1
1417 1620 1
1418 526 1
1418 1403 1
1419 72 1
1419 784 1
1419 1949 1
1420 1828 1
1420 1923 1
1420 1950 1
1421 26 1
1421 1010 1
1421 1393 1
1421 1552 1
1421 1569 1
1421 1628 1
1421 1702 1
1422 256 1
1422 383 1
1422 542 1
1422 1442 1
1422 1600 1
1422 1891 1
1422 1939 1
1423 1332 1
1423 1530 1
1423 1935 1
1424 753 1
1424 1166 1
1424 1208 1
1424 1606 1
1424 1725 1
1425 526 1
1425 1399 1
1425 1937 1
1426 564 1
1426 668 1
1426 1944 1
1427 11 1
1427 959 1
1427 1943 1
1428 190 1
1428 471 1
1428 487 1
1428 1125 1
1428 1705 1
1428 1707 1
1428 1850 1
1429 718 1
1429 1108 1
1429 1841 1
1430 760 1
1430 1859 1
1431 1252 1
1431 1516 1
1431 1706 1
1432 623 1
1432 1144 1
1433 865 1
1433 958 1
1433 1717 1
1434 290 1
1434 831 1
1434 998 1
1435 1187 1
1435 1795 1
1435 1963 1
1436 91 1
1436 1357 1
1436 1960 1
1437 571 1
1437 1080 1
1437 1412 1
1438 5 1
1438 1439 1
1438 1749 1
1439 164 1
1439 1412 1
1439 1438 1
1440 23 1
1440 1175 1
1440 1344 1
1441 1367 1
1441 1448 1
1441 1957 1
1442 108 1
1442 789 1
1442 1000 1
1442 1395 1
1442 1422 1
1442 1543 1
1442 1577 1
1442 1591 1
1442 1601 1
1442 1692 1
1442 1772 1
1442 1819 1
1443 496 1
1443 718 1
1443 849 1
1443 1331 1
1443 1625 1
1443 1722 1
1444 256 1
1444 495 1
1444 1283 1
1444 1630 1
1444 1698 1
1445 1568 1
1445 1645 1
1445 1812 1
1446 718 1
1446 873 1
1446 1873 1
1447 46 1
1447 155 1
1447 564 1
1447 633 1
1447 777 1
1447 794 1
1447 888 1
1447 943 1
1447 971 1
1447 1017 1
1447 1053 1
1447 1128 1
1447 1160 1
1447 1187 1
1447 1206 1
1447 1209 1
1447 1230 1
1447 1311 1
1447 1343 1
1447 1599 1
1447 1627 1
1447 1657 1
1447 1682 1
1447 1783 1
1447 1786 1
1447 1802 1
1447 1842 1
1447 1861 1
1447 1946 1
1448 27 1
1448 526 1
1448 1058 1
1448 1126 1
1448 1246 1
1448 1250 1
1448 1441 1
1448 1704 1
1449 465 1
1449 577 1
1449 762 1
1449 1073 1
1449 1101 1
1449 1131 1
1449 1145 1
1449 1217 1
1449 1310 1
1449 1502 1
1449 1614 1
1449 1641 1
1449 1698 1
1449 1708 1
1449 1848 1
1449 1882 1
1449 1932 1
1449 1960 1
1450 715 1
1450 873 1
1450 1499 1
1450 1841 1
1451 644 1
1451 1395 1
1451 1396 1
1451 1452 1
1452 1451 1
1452 1469 1
1452 1631 1
1453 193 1
1453 306 1
1453 512 1
1453 1253 1
1454 526 1
1454 567 1
1454 853 1
1454 982 1
1454 1638 1
1454 1892 1
1455 526 1
1455 535 1
1455 671 1
1455 806 1
1455 853 1
1455 1313 1
1455 1475 1
1455 1479 1
1455 1489 1
1455 1524 1
1455 1530 1
1455 1624 1
1455 1720 1
1455 1886 1
1456 725 1
1456 751 1
1456 1664 1
1456 1714 1
1457 389 1
1457 639 1
1457 821 1
1457 1005 1
1458 289 1
1458 760 1
1458 1035 1
1458 1724 1
1459 970 1
1459 1019 1
1459 1411 1
1459 1935 1
1460 185 1
1460 187 1
1460 959 1
1460 1800 1
1461 507 1
1461 1224 1
1461 1749 1
1461 1923 1
1462 503 1
1462 867 1
1462 1345 1
1462 1802 1
1463 467 1
1463 526 1
1463 1345 1
1463 1748 1
1464 970 1
1464 1019 1
1464 1411 1
1464 1935 1
1465 628 1
1465 1232 1
1465 1852 1
1465 1932 1
1466 876 1
1466 884 1
1466 972 1
1466 1288 1
1466 1309 1
1466 1345 1
1466 1474 1
1466 1676 1
1466 1754 1
1466 1760 1
1466 1825 1
1466 1946 1
1467 585 1
1467 709 1
1467 1626 1
1467 1729 1
1468 1016 1
1468 1124 1
1468 1856 1
1468 1914 1
1469 1040 1
1469 1452 1
1469 1631 1
1469 1906 1
1470 628 1
1470 1232 1
1470 1852 1
1470 1932 1
1471 87 1
1471 526 1
1471 782 1
1472 1045 1
1472 1370 1
1472 1936 1
1472 1951 1
1473 486 1
1473 526 1
1473 1018 1
1474 799 1
1474 1345 1
1474 1466 1
1474 1589 1
1474 1691 1
1474 1806 1
1474 1900 1
1475 671 1
1475 1455 1
1475 1479 1
1475 1584 1
1475 1766 1
1475 1886 1
1476 445 1
1476 1357 1
1477 628 1
1477 1237 1
1477 1958 1
1478 331 1
1478 342 1
1478 536 1
1478 1641 1
1479 526 1
1479 671 1
1479 1015 1
1479 1111 1
1479 1455 1
1479 1475 1
1479 1542 1
1479 1640 1
1479 1669 1
1479 1886 1
1479 1962 1
1480 560 1
1480 1074 1
1480 1136 1
1480 1672 1
1480 1803 1
1480 1959 1
1481 200 1
1481 526 1
1481 1015 1
1481 1696 1
1482 197 1
1482 1128 1
1482 1290 1
1482 1319 1
1482 1389 1
1482 1488 1
1483 207 1
1483 276 1
1483 1173 1
1483 1672 1
1484 374 1
1484 526 1
1484 1058 1
1484 1250 1
1485 526 1
1485 1232 1
1485 1879 1
1486 1157 1
1486 1759 1
1486 1888 1
1487 0 1
1487 526 1
1487 702 1
1487 1403 1
1488 959 1
1488 1128 1
1488 1482 1
1488 1959 1
1489 1455 1
1489 1640 1
1489 1704 1
1490 736 1
1490 1033 1
1490 1101 1
1490 1742 1
1491 592 1
1491 826 1
1491 1201 1
1491 1901 1
1492 80 1
1492 467 1
1492 615 1
1492 1537 1
1493 460 1
1493 558 1
1493 788 1
1493 821 1
1494 109 1
1494 1037 1
1494 1955 1
1494 1957 1
1495 72 1
1495 320 1
1495 534 1
1495 1170 1
1496 1083 1
1496 1216 1
1497 1100 1
1497 1214 1
1497 1508 1
1497 1521 1
1498 707 1
1498 1174 1
1498 1593 1
1498 1597 1
1499 715 1
1499 873 1
1499 1450 1
1500 318 1
1500 1502 1
1500 1752 1
1500 1933 1
1501 150 1
1501 599 1
1501 705 1
1501 1735 1
1502 765 1
1502 1101 1
1502 1449 1
1502 1500 1
1502 1506 1
1502 1603 1
1502 1642 1
1502 1651 1
1502 1694 1
1502 1752 1
1502 1933 1
1503 23 1
1503 911 1
1503 1147 1
1503 1175 1
1503 1344 1
1504 526 1
1504 853 1
1504 1410 1
1504 1656 1
1505 736 1
1505 1096 1
1505 1101 1
1505 1742 1
1506 604 1
1506 1163 1
1506 1502 1
1506 1603 1
1507 11 1
1507 766 1
1507 828 1
1507 1903 1
1508 485 1
1508 1497 1
1508 1832 1
1508 1915 1
1509 410 1
1509 536 1
1509 1641 1
1509 1933 1
1510 87 1
1510 526 1
1510 782 1
1511 342 1
1511 1244 1
1511 1890 1
1512 696 1
1512 1290 1
1512 1319 1
1513 223 1
1513 526 1
1513 1004 1
1513 1616 1
1514 718 1
1514 756 1
1514 1790 1
1515 1201 1
1515 1405 1
1515 1829 1
1515 1901 1
1516 988 1
1516 1156 1
1516 1431 1
1517 495 1
1517 642 1
1517 889 1
1517 1831 1
1518 495 1
1518 507 1
1518 1234 1
1518 1874 1
1519 935 1
1519 960 1
1519 1883 1
1519 1959 1
1520 1346 1
1520 1698 1
1520 1905 1
1521 72 1
1521 474 1
1521 939 1
1521 1100 1
1521 1170 1
1521 1497 1
1522 495 1
1522 507 1
1522 1161 1
1522 1378 1
1523 111 1
1523 526 1
1523 1033 1
1523 1828 1
1524 526 1
1524 869 1
1524 1411 1
1524 1455 1
1525 560 1
1525 1329 1
1525 1819 1
1525 1951 1
1526 547 1
1526 763 1
1526 828 1
1526 1289 1
1526 1352 1
1527 257 1
1527 567 1
1527 790 1
1527 1188 1
1528 472 1
1528 657 1
1528 1199 1
1528 1565 1
1529 700 1
1529 1195 1
1529 1345 1
1529 1755 1
1530 526 1
1530 949 1
1530 1239 1
1530 1423 1
1530 1455 1
1530 1554 1
1530 1624 1
1530 1640 1
1530 1712 1
1530 1935 1
1531 623 1
1531 628 1
1531 1557 1
1531 1897 1
1532 560 1
1532 1030 1
1532 1609 1
1532 1834 1
1533 457 1
1533 1536 1
1533 1880 1
1533 1913 1
1534 993 1
1534 1588 1
1534 1763 1
1534 1913 1
1534 1925 1
1535 150 1
1535 188 1
1535 637 1
1535 1347 1
1535 1907 1
1536 175 1
1536 218 1
1536 427 1
1536 1414 1
1536 1533 1
1536 1763 1
1536 1913 1
1537 580 1
1537 715 1
1537 1492 1
1537 1873 1
1538 302 1
1538 526 1
1538 1105 1
1538 1646 1
1539 1140 1
1539 1146 1
1539 1592 1
1540 1280 1
1540 1635 1
1541 1251 1
1541 1342 1
1541 1593 1
1542 526 1
1542 813 1
1542 897 1
1542 1479 1
1543 1073 1
1543 1170 1
1543 1185 1
1543 1345 1
1543 1442 1
1543 1577 1
1543 1667 1
1543 1689 1
1543 1755 1
1543 1772 1
1543 1860 1
1543 1961 1
1544 178 1
1544 183 1
1544 870 1
1544 1045 1
1544 1091 1
1544 1305 1
1544 1653 1
1544 1780 1
1544 1941 1
1545 583 1
1545 1340 1
1545 1820 1
1545 1854 1
1545 1956 1
1546 1095 1
1546 1382 1
1546 1861 1
1547 331 1
1547 684 1
1547 841 1
1547 1940 1
1548 178 1
1548 338 1
1548 1170 1
1548 1777 1
1549 418 1
1549 766 1
1549 1352 1
1549 1903 1
1550 526 1
1550 587 1
1550 853 1
1550 1392 1
1551 570 1
1551 961 1
1551 1792 1
1551 1927 1
1552 26 1
1552 1257 1
1552 1393 1
1552 1421 1
1553 526 1
1553 587 1
1553 1044 1
1553 1962 1
1554 526 1
1554 1530 1
1554 1862 1
1554 1879 1
1555 178 1
1555 628 1
1555 777 1
1555 1249 1
1556 72 1
1556 1073 1
1556 1214 1
1556 1719 1
1557 954 1
1557 1531 1
1557 1750 1
1557 1780 1
1558 45 1
1558 518 1
1558 959 1
1558 1146 1
1558 1672 1
1558 1794 1
1559 72 1
1559 511 1
1559 1761 1
1559 1867 1
1560 879 1
1560 1045 1
1560 1165 1
1560 1706 1
1560 1827 1
1560 1847 1
1560 1864 1
1560 1868 1
1560 1936 1
1561 522 1
1561 648 1
1561 1049 1
1561 1806 1
1562 577 1
1562 1217 1
1562 1379 1
1562 1708 1
1562 1882 1
1563 29 1
1563 1000 1
1563 1912 1
1563 1941 1
1564 748 1
1564 1177 1
1564 1672 1
1564 1911 1
1565 314 1
1565 526 1
1565 708 1
1565 1016 1
1565 1199 1
1565 1398 1
1565 1399 1
1565 1528 1
1565 1683 1
1565 1743 1
1565 1823 1
1565 1879 1
1566 1170 1
1566 1642 1
1566 1694 1
1566 1964 1
1567 628 1
1567 870 1
1567 1176 1
1567 1942 1
1568 765 1
1568 1130 1
1568 1360 1
1568 1445 1
1569 26 1
1569 526 1
1569 1010 1
1569 1232 1
1569 1257 1
1569 1393 1
1569 1421 1
1569 1628 1
1569 1816 1
1569 1830 1
1570 576 1
1570 944 1
1570 1007 1
1570 1269 1
1570 1326 1
1570 1397 1
1570 1804 1
1571 978 1
1571 1033 1
1571 1828 1
1571 1964 1
1572 958 1
1572 1014 1
1572 1649 1
1572 1938 1
1573 1112 1
1573 1610 1
1573 1613 1
1574 886 1
1574 1065 1
1574 1786 1
1574 1946 1
1575 183 1
1575 1155 1
1575 1764 1
1575 1773 1
1576 467 1
1576 808 1
1576 886 1
1577 1073 1
1577 1170 1
1577 1442 1
1577 1543 1
1577 1784 1
1577 1812 1
1578 801 1
1578 845 1
1578 861 1
1578 1850 1
1579 339 1
1579 621 1
1579 623 1
1579 864 1
1580 526 1
1580 1403 1
1580 1747 1
1580 1954 1
1581 478 1
1581 571 1
1581 1000 1
1581 1601 1
1581 1651 1
1581 1668 1
1581 1709 1
1581 1819 1
1581 1931 1
1582 156 1
1582 959 1
1582 1075 1
1582 1346 1
1583 74 1
1583 365 1
1583 578 1
1583 1705 1
1584 1320 1
1584 1475 1
1584 1604 1
1584 1782 1
1585 1139 1
1585 1345 1
1585 1888 1
1585 1950 1
1586 481 1
1586 526 1
1586 743 1
1586 1047 1
1587 526 1
1587 587 1
1587 1044 1
1587 1962 1
1588 431 1
1588 1534 1
1588 1763 1
1589 1081 1
1589 1474 1
1589 1691 1
1589 1806 1
1590 197 1
1590 959 1
1590 1784 1
1590 1959 1
1591 1227 1
1591 1303 1
1591 1359 1
1591 1442 1
1592 718 1
1592 1222 1
1592 1325 1
1592 1539 1
1593 792 1
1593 1246 1
1593 1498 1
1593 1541 1
1594 291 1
1594 357 1
1594 1035 1
1594 1958 1
1595 1069 1
1595 1298 1
1595 1609 1
1595 1947 1
1596 376 1
1596 886 1
1596 959 1
1596 1161 1
1597 178 1
1597 470 1
1597 1196 1
1597 1356 1
1597 1498 1
1597 1717 1
1598 156 1
1598 855 1
1598 1931 1
1598 1960 1
1599 610 1
1599 886 1
1599 1447 1
1599 1682 1
1600 495 1
1600 602 1
1600 1422 1
1600 1891 1
1601 1442 1
1601 1581 1
1601 1698 1
1601 1819 1
1602 417 1
1602 596 1
1602 1303 1
1602 1739 1
1602 1773 1
1602 1921 1
1602 1963 1
1603 1118 1
1603 1350 1
1603 1502 1
1603 1506 1
1603 1642 1
1603 1694 1
1604 227 1
1604 1056 1
1604 1584 1
1604 1876 1
1605 606 1
1605 802 1
1605 1274 1
1605 1609 1
1606 980 1
1606 1424 1
1606 1859 1
1606 1872 1
1607 424 1
1607 1324 1
1607 1330 1
1607 1350 1
1608 469 1
1608 893 1
1608 976 1
1608 1115 1
1608 1275 1
1609 531 1
1609 551 1
1609 560 1
1609 593 1
1609 802 1
1609 817 1
1609 837 1
1609 1000 1
1609 1026 1
1609 1045 1
1609 1219 1
1609 1236 1
1609 1274 1
1609 1532 1
1609 1595 1
1609 1605 1
1609 1775 1
1609 1826 1
1610 1112 1
1610 1573 1
1611 755 1
1611 1026 1
1611 1236 1
1611 1706 1
1611 1741 1
1611 1827 1
1612 578 1
1612 993 1
1612 1273 1
1612 1364 1
1612 1401 1
1612 1633 1
1612 1880 1
1612 1925 1
1613 1112 1
1613 1573 1
1614 467 1
1614 661 1
1614 1449 1
1614 1752 1
1615 178 1
1615 790 1
1615 886 1
1615 1623 1
1616 526 1
1616 620 1
1616 1044 1
1616 1513 1
1617 26 1
1617 42 1
1617 890 1
1617 1011 1
1617 1035 1
1617 1120 1
1617 1353 1
1617 1376 1
1617 1920 1
1618 72 1
1618 429 1
1618 571 1
1618 1674 1
1619 1098 1
1619 1293 1
1619 1335 1
1619 1937 1
1620 606 1
1620 1045 1
1620 1417 1
1620 1706 1
1621 479 1
1621 866 1
1621 1284 1
1621 1895 1
1622 1260 1
1622 1413 1
1622 1686 1
1622 1699 1
1623 178 1
1623 790 1
1623 886 1
1623 1615 1
1624 277 1
1624 1080 1
1624 1455 1
1624 1530 1
1625 496 1
1625 849 1
1625 1331 1
1625 1443 1
1626 463 1
1626 891 1
1626 1029 1
1626 1467 1
1627 140 1
1627 633 1
1627 886 1
1627 1382 1
1627 1447 1
1627 1787 1
1628 26 1
1628 91 1
1628 1010 1
1628 1393 1
1628 1421 1
1628 1569 1
1629 162 1
1629 178 1
1629 410 1
1629 619 1
1629 628 1
1629 959 1
1629 1948 1
1630 959 1
1630 1279 1
1630 1290 1
1630 1444 1
1631 545 1
1631 1101 1
1631 1338 1
1631 1452 1
1631 1469 1
1631 1887 1
1631 1906 1
1632 1101 1
1632 1137 1
1632 1887 1
1632 1906 1
1633 1273 1
1633 1414 1
1633 1612 1
1633 1880 1
1634 1099 1
1634 1172 1
1634 1357 1
1634 1727 1
1635 699 1
1635 1270 1
1635 1540 1
1636 560 1
1636 1819 1
1636 1941 1
1636 1960 1
1637 870 1
1637 958 1
1637 1793 1
1637 1934 1
1638 36 1
1638 1454 1
1638 1842 1
1638 1926 1
1639 526 1
1639 1193 1
1639 1914 1
1639 1932 1
1640 567 1
1640 1479 1
1640 1489 1
1640 1530 1
1641 684 1
1641 776 1
1641 1214 1
1641 1358 1
1641 1365 1
1641 1381 1
1641 1449 1
1641 1478 1
1641 1509 1
1641 1828 1
1641 1915 1
1642 1214 1
1642 1502 1
1642 1566 1
1642 1603 1
1643 1895 1
1643 1930 1
1643 1938 1
1643 1945 1
1644 1219 1
1644 1776 1
1644 1864 1
1644 1868 1
1645 1073 1
1645 1387 1
1645 1445 1
1645 1904 1
1646 302 1
1646 526 1
1646 587 1
1646 860 1
1646 1538 1
1646 1962 1
1647 803 1
1647 958 1
1647 1298 1
1647 1690 1
1648 430 1
1648 495 1
1648 1783 1
1649 1572 1
1649 1930 1
1649 1938 1
1649 1945 1
1650 277 1
1650 526 1
1650 587 1
1650 1328 1
1651 584 1
1651 916 1
1651 1502 1
1651 1581 1
1652 28 1
1652 1314 1
1652 1839 1
1652 1844 1
1652 1918 1
1653 560 1
1653 1544 1
1653 1919 1
1653 1941 1
1654 705 1
1654 976 1
1654 1229 1
1654 1735 1
1655 182 1
1655 1057 1
1655 1190 1
1655 1242 1
1656 553 1
1656 913 1
1656 949 1
1656 1022 1
1656 1109 1
1656 1354 1
1656 1504 1
1656 1681 1
1656 1747 1
1656 1810 1
1656 1811 1
1656 1892 1
1656 1957 1
1657 827 1
1657 886 1
1657 1065 1
1657 1345 1
1657 1447 1
1658 609 1
1658 701 1
1658 1171 1
1658 1214 1
1659 518 1
1659 1062 1
1659 1672 1
1659 1947 1
1660 586 1
1660 699 1
1660 770 1
1660 843 1
1660 1079 1
1660 1270 1
1660 1308 1
1660 1327 1
1661 475 1
1661 1128 1
1661 1256 1
1662 1258 1
1662 1262 1
1662 1283 1
1662 1929 1
1663 526 1
1663 587 1
1663 1044 1
1663 1962 1
1664 277 1
1664 587 1
1664 726 1
1664 1456 1
1665 571 1
1665 959 1
1665 1141 1
1665 1931 1
1666 496 1
1666 718 1
1666 1027 1
1666 1331 1
1667 1345 1
1667 1543 1
1668 156 1
1668 478 1
1668 519 1
1668 1107 1
1668 1581 1
1668 1678 1
1668 1709 1
1668 1808 1
1668 1833 1
1668 1845 1
1669 526 1
1669 1019 1
1669 1479 1
1669 1704 1
1670 526 1
1670 532 1
1670 562 1
1670 620 1
1671 91 1
1671 1214 1
1671 1751 1
1671 1961 1
1672 150 1
1672 307 1
1672 1062 1
1672 1146 1
1672 1187 1
1672 1266 1
1672 1269 1
1672 1391 1
1672 1480 1
1672 1483 1
1672 1558 1
1672 1564 1
1672 1659 1
1672 1699 1
1672 1734 1
1672 1838 1
1673 628 1
1673 694 1
1673 870 1
1673 1086 1
1674 156 1
1674 677 1
1674 1618 1
1674 1814 1
1675 628 1
1675 694 1
1675 870 1
1675 1953 1
1676 886 1
1676 959 1
1676 1466 1
1676 1768 1
1677 133 1
1677 212 1
1677 239 1
1677 678 1
1678 15 1
1678 514 1
1678 1668 1
1678 1819 1
1679 313 1
1679 331 1
1679 643 1
1679 653 1
1680 188 1
1680 637 1
1680 1347 1
1680 1770 1
1681 949 1
1681 1410 1
1681 1656 1
1681 1892 1
1682 886 1
1682 1345 1
1682 1447 1
1682 1599 1
1683 473 1
1683 1311 1
1683 1565 1
1683 1823 1
1684 270 1
1684 617 1
1684 886 1
1684 1824 1
1685 526 1
1685 587 1
1685 1015 1
1685 1103 1
1685 1872 1
1686 537 1
1686 705 1
1686 1622 1
1686 1792 1
1687 621 1
1687 623 1
1687 1700 1
1687 1780 1
1688 178 1
1688 870 1
1688 1852 1
1688 1938 1
1689 1345 1
1689 1543 1
1690 803 1
1690 870 1
1690 1647 1
1690 1948 1
1691 637 1
1691 1347 1
1691 1474 1
1691 1589 1
1692 774 1
1692 790 1
1692 1442 1
1692 1695 1
1693 910 1
1693 1383 1
1693 1924 1
1693 1930 1
1694 1214 1
1694 1502 1
1694 1566 1
1694 1603 1
1695 628 1
1695 870 1
1695 1025 1
1695 1692 1
1695 1721 1
1695 1793 1
1695 1837 1
1695 1908 1
1695 1924 1
1695 1928 1
1695 1953 1
1696 495 1
1696 1481 1
1696 1796 1
1696 1945 1
1697 232 1
1697 876 1
1697 914 1
1697 1939 1
1698 347 1
1698 467 1
1698 495 1
1698 661 1
1698 786 1
1698 1444 1
1698 1449 1
1698 1520 1
1698 1601 1
1698 1708 1
1698 1784 1
1698 1882 1
1698 1894 1
1698 1931 1
1699 150 1
1699 1345 1
1699 1622 1
1699 1672 1
1700 621 1
1700 628 1
1700 870 1
1700 1687 1
1700 1930 1
1701 797 1
1701 1033 1
1701 1336 1
1701 1757 1
1701 1828 1
1701 1911 1
1701 1923 1
1701 1930 1
1701 1964 1
1702 331 1
1702 702 1
1702 968 1
1702 1421 1
1702 1703 1
1702 1736 1
1702 1753 1
1702 1779 1
1702 1851 1
1703 331 1
1703 886 1
1703 1218 1
1703 1345 1
1703 1395 1
1703 1702 1
1703 1783 1
1703 1961 1
1704 548 1
1704 611 1
1704 739 1
1704 1016 1
1704 1126 1
1704 1354 1
1704 1404 1
1704 1448 1
1704 1489 1
1704 1669 1
1705 67 1
1705 1113 1
1705 1212 1
1705 1428 1
1705 1583 1
1705 1707 1
1705 1815 1
1705 1850 1
1705 1875 1
1706 1026 1
1706 1045 1
1706 1165 1
1706 1370 1
1706 1431 1
1706 1560 1
1706 1611 1
1706 1620 1
1706 1827 1
1706 1834 1
1706 1847 1
1706 1864 1
1706 1868 1
1706 1894 1
1706 1951 1
1707 643 1
1707 1428 1
1707 1705 1
1708 577 1
1708 661 1
1708 1170 1
1708 1217 1
1708 1295 1
1708 1449 1
1708 1562 1
1708 1698 1
1709 478 1
1709 1208 1
1709 1581 1
1709 1668 1
1709 1819 1
1710 496 1
1710 718 1
1710 756 1
1710 1790 1
1711 485 1
1711 1278 1
1711 1357 1
1711 1719 1
1711 1832 1
1712 109 1
1712 556 1
1712 567 1
1712 1530 1
1712 1935 1
1713 145 1
1713 158 1
1713 163 1
1713 344 1
1713 796 1
1714 486 1
1714 526 1
1714 851 1
1714 897 1
1714 1456 1
1714 1782 1
1714 1809 1
1715 579 1
1715 1016 1
1715 1751 1
1715 1797 1
1715 1862 1
1716 389 1
1716 639 1
1716 821 1
1716 1005 1
1716 1238 1
1717 664 1
1717 1205 1
1717 1433 1
1717 1597 1
1717 1934 1
1718 176 1
1718 1404 1
1718 1862 1
1718 1869 1
1718 1909 1
1719 72 1
1719 119 1
1719 1073 1
1719 1214 1
1719 1337 1
1719 1556 1
1719 1711 1
1719 1751 1
1719 1918 1
1720 169 1
1720 535 1
1720 1404 1
1720 1455 1
1720 1886 1
1721 178 1
1721 628 1
1721 870 1
1721 958 1
1721 1249 1
1721 1695 1
1721 1774 1
1721 1793 1
1721 1924 1
1721 1942 1
1722 496 1
1722 718 1
1722 849 1
1722 1331 1
1722 1443 1
1723 628 1
1723 969 1
1723 1249 1
1723 1298 1
1723 1958 1
1724 443 1
1724 589 1
1724 1244 1
1724 1343 1
1724 1458 1
1725 1064 1
1725 1145 1
1725 1424 1
1725 1729 1
1725 1937 1
1726 51 1
1726 677 1
1726 978 1
1726 1769 1
1726 1896 1
1727 636 1
1727 1033 1
1727 1076 1
1727 1634 1
1727 1865 1
1728 617 1
1728 628 1
1728 790 1
1728 870 1
1728 959 1
1728 1035 1
1729 246 1
1729 507 1
1729 518 1
1729 685 1
1729 760 1
1729 819 1
1729 1102 1
1729 1228 1
1729 1345 1
1729 1467 1
1729 1725 1
1729 1754 1
1729 1760 1
1729 1939 1
1730 774 1
1730 790 1
1730 870 1
1730 1246 1
1730 1942 1
1731 828 1
1731 959 1
1731 1279 1
1731 1352 1
1731 1903 1
1732 252 1
1732 253 1
1732 513 1
1732 601 1
1732 1091 1
1732 1384 1
1733 501 1
1733 572 1
1733 1144 1
1733 1187 1
1733 1345 1
1734 68 1
1734 146 1
1734 915 1
1734 940 1
1734 945 1
1734 1269 1
1734 1282 1
1734 1672 1
1734 1803 1
1734 1838 1
1735 150 1
1735 705 1
1735 1164 1
1735 1501 1
1735 1654 1
1735 1817 1
1735 1927 1
1736 673 1
1736 705 1
1736 1177 1
1736 1702 1
1736 1779 1
1737 715 1
1737 718 1
1737 886 1
1737 1029 1
1737 1331 1
1738 526 1
1738 790 1
1738 872 1
1738 1162 1
1738 1740 1
1739 1602 1
1739 1963 1
1740 396 1
1740 526 1
1740 1126 1
1740 1738 1
1740 1835 1
1741 755 1
1741 1360 1
1741 1415 1
1741 1611 1
1741 1951 1
1742 1033 1
1742 1490 1
1742 1505 1
1742 1751 1
1742 1961 1
1743 623 1
1743 1060 1
1743 1199 1
1743 1246 1
1743 1321 1
1743 1328 1
1743 1565 1
1743 1764 1
1743 1955 1
1743 1957 1
1744 1071 1
1744 1137 1
1744 1141 1
1744 1904 1
1745 750 1
1745 868 1
1745 1067 1
1745 1224 1
1745 1265 1
1746 481 1
1746 628 1
1746 870 1
1746 958 1
1746 1043 1
1746 1934 1
1747 526 1
1747 1170 1
1747 1276 1
1747 1580 1
1747 1656 1
1748 526 1
1748 1208 1
1748 1286 1
1748 1463 1
1748 1858 1
1749 294 1
1749 673 1
1749 1159 1
1749 1438 1
1749 1461 1
1750 621 1
1750 623 1
1750 977 1
1750 1190 1
1750 1557 1
1751 72 1
1751 74 1
1751 343 1
1751 557 1
1751 965 1
1751 1107 1
1751 1170 1
1751 1233 1
1751 1671 1
1751 1715 1
1751 1719 1
1751 1742 1
1751 1777 1
1751 1949 1
1752 1500 1
1752 1502 1
1752 1614 1
1753 673 1
1753 720 1
1753 1177 1
1753 1702 1
1753 1779 1
1754 1309 1
1754 1466 1
1754 1729 1
1754 1759 1
1754 1888 1
1755 673 1
1755 926 1
1755 1345 1
1755 1529 1
1755 1543 1
1755 1772 1
1755 1860 1
1755 1961 1
1756 533 1
1756 543 1
1756 987 1
1756 1006 1
1757 628 1
1757 870 1
1757 1701 1
1757 1765 1
1757 1953 1
1758 628 1
1758 790 1
1758 969 1
1758 1249 1
1758 1958 1
1759 1309 1
1759 1486 1
1759 1754 1
1759 1760 1
1759 1768 1
1759 1849 1
1760 1309 1
1760 1466 1
1760 1729 1
1760 1759 1
1760 1888 1
1761 72 1
1761 450 1
1761 511 1
1761 792 1
1761 1003 1
1761 1065 1
1761 1096 1
1761 1174 1
1761 1223 1
1761 1559 1
1762 1033 1
1762 1075 1
1762 1141 1
1762 1821 1
1762 1898 1
1763 137 1
1763 1534 1
1763 1536 1
1763 1588 1
1763 1925 1
1764 173 1
1764 1267 1
1764 1575 1
1764 1743 1
1765 628 1
1765 870 1
1765 1086 1
1765 1094 1
1765 1757 1
1765 1934 1
1765 1958 1
1766 374 1
1766 526 1
1766 1126 1
1766 1311 1
1766 1475 1
1767 628 1
1767 774 1
1767 790 1
1767 886 1
1768 959 1
1768 1309 1
1768 1676 1
1768 1759 1
1768 1888 1
1769 912 1
1769 1172 1
1769 1726 1
1769 1848 1
1769 1911 1
1770 188 1
1770 929 1
1770 1148 1
1770 1680 1
1770 1833 1
1771 504 1
1771 1050 1
1771 1180 1
1771 1306 1
1771 1920 1
1772 1345 1
1772 1442 1
1772 1543 1
1772 1755 1
1773 183 1
1773 1155 1
1773 1575 1
1773 1602 1
1773 1963 1
1774 178 1
1774 628 1
1774 950 1
1774 1246 1
1774 1721 1
1775 540 1
1775 1091 1
1775 1236 1
1775 1609 1
1775 1936 1
1776 606 1
1776 755 1
1776 1236 1
1776 1644 1
1777 945 1
1777 1045 1
1777 1046 1
1777 1069 1
1777 1073 1
1777 1101 1
1777 1170 1
1777 1548 1
1777 1751 1
1778 197 1
1778 595 1
1778 628 1
1778 1246 1
1778 1781 1
1779 184 1
1779 1702 1
1779 1736 1
1779 1753 1
1780 1544 1
1780 1557 1
1780 1687 1
1780 1942 1
1781 197 1
1781 1778 1
1781 1930 1
1781 1938 1
1781 1945 1
1782 526 1
1782 897 1
1782 1056 1
1782 1584 1
1782 1714 1
1783 495 1
1783 678 1
1783 790 1
1783 1040 1
1783 1416 1
1783 1447 1
1783 1648 1
1783 1703 1
1783 1946 1
1784 1577 1
1784 1590 1
1784 1698 1
1784 1931 1
1784 1960 1
1785 1126 1
1785 1180 1
1785 1311 1
1785 1909 1
1785 1962 1
1786 1017 1
1786 1053 1
1786 1447 1
1786 1574 1
1786 1946 1
1787 1095 1
1787 1382 1
1787 1627 1
1787 1861 1
1788 526 1
1788 652 1
1788 725 1
1788 1799 1
1788 1962 1
1789 115 1
1789 526 1
1789 1064 1
1789 1111 1
1789 1322 1
1789 1926 1
1790 718 1
1790 849 1
1790 1331 1
1790 1514 1
1790 1710 1
1791 9 1
1791 495 1
1791 959 1
1791 1345 1
1791 1939 1
1792 150 1
1792 637 1
1792 705 1
1792 1551 1
1792 1686 1
1793 178 1
1793 305 1
1793 870 1
1793 1007 1
1793 1637 1
1793 1695 1
1793 1721 1
1793 1803 1
1794 572 1
1794 934 1
1794 1146 1
1794 1558 1
1794 1795 1
1795 495 1
1795 1255 1
1795 1409 1
1795 1435 1
1795 1794 1
1796 526 1
1796 587 1
1796 1696 1
1796 1843 1
1796 1962 1
1797 526 1
1797 1033 1
1797 1073 1
1797 1715 1
1797 1954 1
1798 526 1
1798 1004 1
1798 1056 1
1798 1403 1
1798 1920 1
1799 526 1
1799 568 1
1799 587 1
1799 1388 1
1799 1788 1
1800 1045 1
1800 1127 1
1800 1208 1
1800 1460 1
1800 1872 1
1801 356 1
1801 628 1
1801 818 1
1801 1150 1
1801 1345 1
1802 501 1
1802 633 1
1802 718 1
1802 1447 1
1802 1462 1
1803 641 1
1803 746 1
1803 906 1
1803 1055 1
1803 1062 1
1803 1158 1
1803 1266 1
1803 1394 1
1803 1480 1
1803 1734 1
1803 1793 1
1803 1959 1
1804 205 1
1804 1144 1
1804 1269 1
1804 1570 1
1805 343 1
1805 1278 1
1805 1839 1
1805 1896 1
1805 1912 1
1806 361 1
1806 1081 1
1806 1474 1
1806 1561 1
1806 1589 1
1807 598 1
1807 1324 1
1807 1330 1
1807 1808 1
1807 1896 1
1808 748 1
1808 1141 1
1808 1668 1
1808 1807 1
1808 1819 1
1809 526 1
1809 813 1
1809 897 1
1809 1345 1
1809 1714 1
1810 391 1
1810 949 1
1810 1656 1
1810 1892 1
1811 949 1
1811 1410 1
1811 1656 1
1811 1892 1
1812 311 1
1812 377 1
1812 609 1
1812 1445 1
1812 1577 1
1813 762 1
1813 792 1
1813 1251 1
1813 1342 1
1813 1867 1
1814 94 1
1814 1073 1
1814 1674 1
1814 1941 1
1814 1960 1
1815 1212 1
1815 1401 1
1815 1402 1
1815 1705 1
1815 1850 1
1816 26 1
1816 1010 1
1816 1393 1
1816 1569 1
1817 559 1
1817 669 1
1817 705 1
1817 1735 1
1818 100 1
1818 310 1
1818 1001 1
1818 1049 1
1818 1293 1
1819 478 1
1819 514 1
1819 554 1
1819 573 1
1819 701 1
1819 907 1
1819 1149 1
1819 1334 1
1819 1360 1
1819 1442 1
1819 1525 1
1819 1581 1
1819 1601 1
1819 1636 1
1819 1678 1
1819 1709 1
1819 1808 1
1819 1828 1
1819 1919 1
1819 1941 1
1819 1951 1
1820 583 1
1820 1340 1
1820 1545 1
1820 1854 1
1820 1956 1
1821 571 1
1821 1198 1
1821 1762 1
1821 1896 1
1822 28 1
1822 1099 1
1822 1844 1
1822 1890 1
1822 1929 1
1823 526 1
1823 708 1
1823 1311 1
1823 1565 1
1823 1683 1
1824 628 1
1824 649 1
1824 959 1
1824 1246 1
1824 1684 1
1825 959 1
1825 1161 1
1825 1466 1
1825 1939 1
1825 1959 1
1826 481 1
1826 571 1
1826 1000 1
1826 1609 1
1827 1026 1
1827 1170 1
1827 1560 1
1827 1611 1
1827 1706 1
1828 196 1
1828 331 1
1828 846 1
1828 1033 1
1828 1231 1
1828 1233 1
1828 1259 1
1828 1276 1
1828 1295 1
1828 1301 1
1828 1379 1
1828 1420 1
1828 1523 1
1828 1571 1
1828 1641 1
1828 1701 1
1828 1819 1
1828 1964 1
1829 331 1
1829 1201 1
1829 1515 1
1829 1901 1
1830 26 1
1830 1010 1
1830 1393 1
1830 1569 1
1831 23 1
1831 495 1
1831 698 1
1831 1517 1
1831 1846 1
1832 1100 1
1832 1214 1
1832 1223 1
1832 1508 1
1832 1711 1
1833 429 1
1833 637 1
1833 1668 1
1833 1770 1
1833 1845 1
1834 560 1
1834 606 1
1834 1532 1
1834 1706 1
1834 1868 1
1835 628 1
1835 1246 1
1835 1740 1
1835 1955 1
1835 1957 1
1836 735 1
1836 957 1
1836 1008 1
1836 1029 1
1836 1067 1
1837 271 1
1837 556 1
1837 774 1
1837 1695 1
1837 1862 1
1838 518 1
1838 1007 1
1838 1146 1
1838 1154 1
1838 1167 1
1838 1672 1
1838 1734 1
1838 1947 1
1839 72 1
1839 1652 1
1839 1805 1
1839 1922 1
1839 1949 1
1840 54 1
1840 124 1
1840 156 1
1840 584 1
1840 1204 1
1841 582 1
1841 715 1
1841 873 1
1841 1429 1
1841 1450 1
1842 284 1
1842 367 1
1842 1118 1
1842 1447 1
1842 1638 1
1843 587 1
1843 711 1
1843 713 1
1843 813 1
1843 1044 1
1843 1306 1
1843 1796 1
1844 28 1
1844 1099 1
1844 1134 1
1844 1652 1
1844 1822 1
1844 1863 1
1845 59 1
1845 156 1
1845 254 1
1845 429 1
1845 476 1
1845 480 1
1845 1334 1
1845 1668 1
1845 1833 1
1845 1931 1
1846 116 1
1846 495 1
1846 1098 1
1846 1345 1
1846 1831 1
1847 1045 1
1847 1281 1
1847 1560 1
1847 1706 1
1847 1864 1
1847 1936 1
1848 481 1
1848 1449 1
1848 1769 1
1848 1874 1
1848 1912 1
1848 1952 1
1849 507 1
1849 1258 1
1849 1323 1
1849 1345 1
1849 1759 1
1850 509 1
1850 1212 1
1850 1428 1
1850 1578 1
1850 1705 1
1850 1815 1
1851 331 1
1851 388 1
1851 1131 1
1851 1201 1
1851 1363 1
1851 1702 1
1852 178 1
1852 628 1
1852 790 1
1852 870 1
1852 1215 1
1852 1232 1
1852 1235 1
1852 1246 1
1852 1465 1
1852 1470 1
1852 1688 1
1852 1877 1
1853 10 1
1853 811 1
1853 892 1
1853 1021 1
1854 406 1
1854 1277 1
1854 1362 1
1854 1375 1
1854 1545 1
1854 1820 1
1855 338 1
1855 857 1
1855 1895 1
1855 1919 1
1855 1922 1
1855 1945 1
1856 1039 1
1856 1066 1
1856 1193 1
1856 1468 1
1857 463 1
1857 507 1
1857 632 1
1857 962 1
1857 987 1
1857 1038 1
1857 1086 1
1857 1883 1
1858 552 1
1858 672 1
1858 1188 1
1858 1398 1
1858 1748 1
1858 1909 1
1859 21 1
1859 630 1
1859 1166 1
1859 1430 1
1859 1606 1
1859 1893 1
1860 383 1
1860 926 1
1860 1033 1
1860 1345 1
1860 1543 1
1860 1755 1
1861 655 1
1861 718 1
1861 1093 1
1861 1447 1
1861 1546 1
1861 1787 1
1862 391 1
1862 526 1
1862 552 1
1862 812 1
1862 949 1
1862 1554 1
1862 1715 1
1862 1718 1
1862 1837 1
1862 1879 1
1863 28 1
1863 1099 1
1863 1244 1
1863 1844 1
1863 1890 1
1864 1560 1
1864 1644 1
1864 1706 1
1864 1847 1
1864 1868 1
1864 1936 1
1865 124 1
1865 571 1
1865 978 1
1865 1033 1
1865 1727 1
1865 1898 1
1866 72 1
1866 563 1
1866 581 1
1866 951 1
1866 1919 1
1866 1922 1
1867 91 1
1867 511 1
1867 1176 1
1867 1340 1
1867 1559 1
1867 1813 1
1868 1281 1
1868 1560 1
1868 1644 1
1868 1706 1
1868 1834 1
1868 1864 1
1869 956 1
1869 1123 1
1869 1246 1
1869 1718 1
1869 1909 1
1870 419 1
1870 1068 1
1870 1122 1
1870 1178 1
1870 1916 1
1871 343 1
1871 398 1
1871 968 1
1871 1342 1
1872 1166 1
1872 1606 1
1872 1685 1
1872 1800 1
1872 1893 1
1872 1894 1
1873 715 1
1873 1029 1
1873 1092 1
1873 1446 1
1873 1537 1
1874 1139 1
1874 1234 1
1874 1261 1
1874 1518 1
1874 1848 1
1875 209 1
1875 1245 1
1875 1406 1
1875 1705 1
1876 526 1
1876 532 1
1876 1056 1
1876 1320 1
1876 1604 1
1876 1920 1
1877 628 1
1877 745 1
1877 790 1
1877 870 1
1877 1215 1
1877 1852 1
1878 507 1
1878 1139 1
1878 1261 1
1878 1883 1
1878 1945 1
1879 1399 1
1879 1485 1
1879 1554 1
1879 1565 1
1879 1862 1
1880 1273 1
1880 1302 1
1880 1533 1
1880 1612 1
1880 1633 1
1881 178 1
1881 628 1
1881 769 1
1881 870 1
1881 958 1
1881 1035 1
1882 1003 1
1882 1096 1
1882 1449 1
1882 1562 1
1882 1698 1
1882 1949 1
1883 507 1
1883 935 1
1883 1519 1
1883 1857 1
1883 1878 1
1884 691 1
1884 764 1
1884 779 1
1884 795 1
1884 824 1
1884 1907 1
1885 11 1
1885 389 1
1885 639 1
1885 821 1
1885 1238 1
1886 526 1
1886 1080 1
1886 1455 1
1886 1475 1
1886 1479 1
1886 1720 1
1887 91 1
1887 521 1
1887 997 1
1887 1101 1
1887 1631 1
1887 1632 1
1888 1309 1
1888 1486 1
1888 1585 1
1888 1754 1
1888 1760 1
1888 1768 1
1889 338 1
1889 628 1
1889 870 1
1889 965 1
1889 1101 1
1889 1357 1
1890 313 1
1890 714 1
1890 1341 1
1890 1511 1
1890 1822 1
1890 1863 1
1891 421 1
1891 914 1
1891 1256 1
1891 1422 1
1891 1600 1
1892 853 1
1892 1454 1
1892 1656 1
1892 1681 1
1892 1810 1
1892 1811 1
1893 265 1
1893 717 1
1893 1859 1
1893 1872 1
1893 1940 1
1893 1965 1
1894 538 1
1894 786 1
1894 937 1
1894 1698 1
1894 1706 1
1894 1872 1
1895 236 1
1895 479 1
1895 1132 1
1895 1621 1
1895 1643 1
1895 1855 1
1896 577 1
1896 1033 1
1896 1726 1
1896 1805 1
1896 1807 1
1896 1821 1
1897 178 1
1897 621 1
1897 968 1
1897 1361 1
1897 1531 1
1898 28 1
1898 1033 1
1898 1762 1
1898 1865 1
1898 1950 1
1898 1964 1
1899 178 1
1899 495 1
1899 628 1
1899 790 1
1899 958 1
1899 1249 1
1900 413 1
1900 1067 1
1900 1098 1
1900 1293 1
1900 1335 1
1900 1474 1
1900 1937 1
1901 285 1
1901 1201 1
1901 1491 1
1901 1515 1
1901 1829 1
1902 35 1
1902 110 1
1902 526 1
1902 800 1
1902 1032 1
1902 1351 1
1903 547 1
1903 828 1
1903 1352 1
1903 1507 1
1903 1549 1
1903 1731 1
1904 571 1
1904 1141 1
1904 1174 1
1904 1387 1
1904 1645 1
1904 1744 1
1904 1921 1
1905 313 1
1905 1033 1
1905 1214 1
1905 1295 1
1905 1341 1
1905 1520 1
1905 1964 1
1906 39 1
1906 1101 1
1906 1469 1
1906 1631 1
1906 1632 1
1906 1932 1
1907 603 1
1907 764 1
1907 929 1
1907 1006 1
1907 1191 1
1907 1535 1
1907 1884 1
1908 186 1
1908 590 1
1908 619 1
1908 628 1
1908 638 1
1908 958 1
1908 1695 1
1909 807 1
1909 882 1
1909 1188 1
1909 1718 1
1909 1785 1
1909 1858 1
1909 1869 1
1910 491 1
1910 639 1
1910 665 1
1910 874 1
1910 1005 1
1910 1020 1
1910 1186 1
1911 1033 1
1911 1071 1
1911 1564 1
1911 1701 1
1911 1769 1
1911 1964 1
1912 614 1
1912 1073 1
1912 1170 1
1912 1263 1
1912 1563 1
1912 1805 1
1912 1848 1
1913 175 1
1913 1054 1
1913 1533 1
1913 1534 1
1913 1536 1
1913 1965 1
1914 896 1
1914 1016 1
1914 1066 1
1914 1193 1
1914 1468 1
1914 1639 1
1915 214 1
1915 531 1
1915 606 1
1915 996 1
1915 1182 1
1915 1274 1
1915 1508 1
1915 1641 1
1916 99 1
1916 165 1
1916 687 1
1916 1068 1
1916 1870 1
1917 86 1
1917 259 1
1917 712 1
1917 1227 1
1917 1359 1
1918 1073 1
1918 1099 1
1918 1214 1
1918 1652 1
1918 1719 1
1919 560 1
1919 1243 1
1919 1653 1
1919 1819 1
1919 1855 1
1919 1866 1
1919 1922 1
1920 1060 1
1920 1120 1
1920 1617 1
1920 1771 1
1920 1798 1
1920 1876 1
1921 577 1
1921 1130 1
1921 1202 1
1921 1383 1
1921 1387 1
1921 1602 1
1921 1904 1
1922 72 1
1922 1170 1
1922 1839 1
1922 1855 1
1922 1866 1
1922 1919 1
1922 1949 1
1923 466 1
1923 1231 1
1923 1259 1
1923 1301 1
1923 1420 1
1923 1461 1
1923 1701 1
1924 178 1
1924 628 1
1924 790 1
1924 865 1
1924 870 1
1924 1693 1
1924 1695 1
1924 1721 1
1924 1928 1
1924 1958 1
1925 137 1
1925 578 1
1925 1273 1
1925 1534 1
1925 1612 1
1925 1763 1
1926 270 1
1926 526 1
1926 1015 1
1926 1044 1
1926 1126 1
1926 1638 1
1926 1789 1
1927 160 1
1927 637 1
1927 660 1
1927 705 1
1927 1164 1
1927 1551 1
1927 1735 1
1928 628 1
1928 1059 1
1928 1085 1
1928 1087 1
1928 1246 1
1928 1315 1
1928 1695 1
1928 1924 1
1929 245 1
1929 429 1
1929 661 1
1929 673 1
1929 979 1
1929 1075 1
1929 1662 1
1929 1822 1
1930 178 1
1930 197 1
1930 777 1
1930 797 1
1930 995 1
1930 1094 1
1930 1345 1
1930 1643 1
1930 1649 1
1930 1693 1
1930 1700 1
1930 1701 1
1930 1781 1
1930 1938 1
1930 1945 1
1931 1033 1
1931 1581 1
1931 1598 1
1931 1665 1
1931 1698 1
1931 1784 1
1931 1845 1
1932 777 1
1932 908 1
1932 1170 1
1932 1449 1
1932 1465 1
1932 1470 1
1932 1639 1
1932 1906 1
1933 31 1
1933 536 1
1933 994 1
1933 999 1
1933 1028 1
1933 1500 1
1933 1502 1
1933 1509 1
1934 628 1
1934 790 1
1934 870 1
1934 1637 1
1934 1717 1
1934 1746 1
1934 1765 1
1935 109 1
1935 526 1
1935 1015 1
1935 1423 1
1935 1459 1
1935 1464 1
1935 1530 1
1935 1712 1
1936 659 1
1936 1045 1
1936 1236 1
1936 1472 1
1936 1560 1
1936 1775 1
1936 1847 1
1936 1864 1
1937 838 1
1937 989 1
1937 1001 1
1937 1127 1
1937 1425 1
1937 1619 1
1937 1725 1
1937 1900 1
1938 769 1
1938 839 1
1938 995 1
1938 1572 1
1938 1643 1
1938 1649 1
1938 1688 1
1938 1781 1
1938 1930 1
1939 495 1
1939 635 1
1939 972 1
1939 1313 1
1939 1422 1
1939 1697 1
1939 1729 1
1939 1791 1
1939 1825 1
1940 529 1
1940 841 1
1940 1114 1
1940 1201 1
1940 1406 1
1940 1547 1
1940 1893 1
1940 1965 1
1941 560 1
1941 928 1
1941 1544 1
1941 1563 1
1941 1636 1
1941 1653 1
1941 1814 1
1941 1819 1
1941 1960 1
1942 178 1
1942 664 1
1942 790 1
1942 870 1
1942 1249 1
1942 1567 1
1942 1721 1
1942 1730 1
1942 1780 1
1943 11 1
1943 721 1
1943 903 1
1943 959 1
1943 1074 1
1943 1148 1
1943 1225 1
1943 1427 1
1943 1959 1
1944 60 1
1944 62 1
1944 147 1
1944 261 1
1944 668 1
1944 723 1
1944 941 1
1944 1426 1
1945 425 1
1945 507 1
1945 839 1
1945 866 1
1945 932 1
1945 995 1
1945 1097 1
1945 1349 1
1945 1643 1
1945 1649 1
1945 1696 1
1945 1781 1
1945 1855 1
1945 1878 1
1945 1930 1
1946 721 1
1946 1017 1
1946 1053 1
1946 1208 1
1946 1230 1
1946 1447 1
1946 1466 1
1946 1574 1
1946 1783 1
1946 1786 1
1947 1007 1
1947 1154 1
1947 1272 1
1947 1326 1
1947 1595 1
1947 1659 1
1947 1838 1
1948 241 1
1948 628 1
1948 1059 1
1948 1086 1
1948 1190 1
1948 1249 1
1948 1315 1
1948 1629 1
1948 1690 1
1948 1953 1
1949 484 1
1949 575 1
1949 773 1
1949 974 1
1949 1278 1
1949 1419 1
1949 1751 1
1949 1839 1
1949 1882 1
1949 1922 1
1950 174 1
1950 1157 1
1950 1200 1
1950 1231 1
1950 1259 1
1950 1301 1
1950 1342 1
1950 1420 1
1950 1585 1
1950 1898 1
1951 627 1
1951 1045 1
1951 1132 1
1951 1155 1
1951 1274 1
1951 1472 1
1951 1525 1
1951 1706 1
1951 1741 1
1951 1819 1
1952 489 1
1952 710 1
1952 717 1
1952 799 1
1952 862 1
1952 1126 1
1952 1264 1
1952 1310 1
1952 1311 1
1952 1848 1
1953 628 1
1953 694 1
1953 820 1
1953 1025 1
1953 1113 1
1953 1675 1
1953 1695 1
1953 1757 1
1953 1948 1
1954 53 1
1954 464 1
1954 526 1
1954 587 1
1954 620 1
1954 881 1
1954 1036 1
1954 1251 1
1954 1376 1
1954 1580 1
1954 1797 1
1955 523 1
1955 612 1
1955 877 1
1955 890 1
1955 1011 1
1955 1221 1
1955 1297 1
1955 1494 1
1955 1743 1
1955 1835 1
1956 506 1
1956 583 1
1956 719 1
1956 1088 1
1956 1277 1
1956 1340 1
1956 1362 1
1956 1375 1
1956 1545 1
1956 1820 1
1957 277 1
1957 526 1
1957 612 1
1957 877 1
1957 1022 1
1957 1246 1
1957 1297 1
1957 1328 1
1957 1441 1
1957 1494 1
1957 1656 1
1957 1743 1
1957 1835 1
1958 628 1
1958 870 1
1958 1014 1
1958 1043 1
1958 1190 1
1958 1237 1
1958 1371 1
1958 1477 1
1958 1594 1
1958 1723 1
1958 1758 1
1958 1765 1
1958 1924 1
1959 353 1
1959 622 1
1959 733 1
1959 923 1
1959 935 1
1959 1116 1
1959 1187 1
1959 1391 1
1959 1480 1
1959 1488 1
1959 1519 1
1959 1590 1
1959 1803 1
1959 1825 1
1959 1943 1
1960 484 1
1960 502 1
1960 658 1
1960 661 1
1960 906 1
1960 1073 1
1960 1171 1
1960 1300 1
1960 1385 1
1960 1436 1
1960 1449 1
1960 1598 1
1960 1636 1
1960 1784 1
1960 1814 1
1960 1941 1
1961 52 1
1961 201 1
1961 338 1
1961 628 1
1961 686 1
1961 737 1
1961 910 1
1961 978 1
1961 1246 1
1961 1271 1
1961 1300 1
1961 1395 1
1961 1543 1
1961 1671 1
1961 1703 1
1961 1742 1
1961 1755 1
1962 370 1
1962 455 1
1962 497 1
1962 517 1
1962 526 1
1962 569 1
1962 689 1
1962 833 1
1962 1388 1
1962 1479 1
1962 1553 1
1962 1587 1
1962 1646 1
1962 1663 1
1962 1785 1
1962 1788 1
1962 1796 1
1963 33 1
1963 34 1
1963 56 1
1963 513 1
1963 734 1
1963 1227 1
1963 1255 1
1963 1303 1
1963 1305 1
1963 1409 1
1963 1435 1
1963 1602 1
1963 1739 1
1963 1773 1
1964 16 1
1964 151 1
1964 606 1
1964 714 1
1964 724 1
1964 771 1
1964 948 1
1964 986 1
1964 1033 1
1964 1080 1
1964 1177 1
1964 1236 1
1964 1248 1
1964 1295 1
1964 1566 1
1964 1571 1
1964 1701 1
1964 1828 1
1964 1898 1
1964 1905 1
1964 1911 1
1965 112 1
1965 129 1
1965 136 1
1965 148 1
1965 199 1
1965 278 1
1965 338 1
1965 360 1
1965 390 1
1965 403 1
1965 405 1
1965 435 1
1965 529 1
1965 1054 1
1965 1114 1
1965 1201 1
1965 1337 1
1965 1407 1
1965 1414 1
1965 1893 1
1965 1913 1
1965 1940 1
