0 99 1.0
0 111 1.0
0 381 1.0
0 415 1.0
0 514 1.0
0 585 1.0
0 690 1.0
0 691 1.0
0 783 1.0
0 784 1.0
0 954 1.0
0 1300 1.0
0 1922 1.0
1 153 1.0
1 732 1.0
1 1937 1.0
1 2382 1.0
1 2396 1.0
2 962 1.0
3 634 1.0
4 588 1.0
5 36 1.0
5 63 1.0
5 97 1.0
5 603 1.0
5 916 1.0
5 949 1.0
6 20 1.0
6 64 1.0
6 663 1.0
6 682 1.0
7 390 1.0
7 616 1.0
7 1001 1.0
7 1004 1.0
8 868 1.0
8 1986 1.0
9 158 1.0
9 202 1.0
9 260 1.0
9 559 1.0
9 820 1.0
9 970 1.0
10 390 1.0
10 440 1.0
11 387 1.0
11 945 1.0
12 508 1.0
12 777 1.0
12 1741 1.0
13 250 1.0
14 544 1.0
14 868 1.0
14 1630 1.0
15 390 1.0
16 145 1.0
17 488 1.0
17 601 1.0
17 663 1.0
17 832 1.0
18 59 1.0
18 847 1.0
19 495 1.0
20 663 1.0
21 680 1.0
21 1678 1.0
22 118 1.0
22 303 1.0
22 335 1.0
22 390 1.0
22 455 1.0
22 469 1.0
22 599 1.0
22 668 1.0
22 699 1.0
22 899 1.0
23 309 1.0
23 704 1.0
24 127 1.0
24 392 1.0
24 406 1.0
24 685 1.0
24 947 1.0
24 952 1.0
25 69 1.0
25 296 1.0
25 357 1.0
25 461 1.0
25 655 1.0
25 683 1.0
25 888 1.0
26 86 1.0
26 263 1.0
26 1634 1.0
27 393 1.0
28 48 1.0
28 54 1.0
28 105 1.0
28 106 1.0
28 153 1.0
28 275 1.0
28 390 1.0
28 422 1.0
28 522 1.0
28 633 1.0
28 714 1.0
28 748 1.0
28 987 1.0
28 999 1.0
29 740 1.0
29 792 1.0
29 793 1.0
29 818 1.0
29 859 1.0
30 471 1.0
30 505 1.0
30 1203 1.0
30 1239 1.0
30 1282 1.0
30 1650 1.0
30 1788 1.0
30 1991 1.0
30 2064 1.0
30 2149 1.0
31 297 1.0
31 471 1.0
31 646 1.0
31 732 1.0
31 779 1.0
31 882 1.0
31 1282 1.0
31 1357 1.0
31 1489 1.0
31 1740 1.0
31 2082 1.0
31 2202 1.0
31 2665 1.0
31 2774 1.0
31 2812 1.0
31 3028 1.0
32 592 1.0
32 665 1.0
32 686 1.0
32 687 1.0
32 697 1.0
32 845 1.0
33 260 1.0
34 180 1.0
34 366 1.0
34 573 1.0
34 697 1.0
34 699 1.0
34 828 1.0
34 829 1.0
34 1587 1.0
35 92 1.0
35 500 1.0
35 643 1.0
35 814 1.0
36 97 1.0
36 274 1.0
36 329 1.0
36 661 1.0
36 916 1.0
37 79 1.0
37 182 1.0
37 310 1.0
37 444 1.0
37 828 1.0
37 1267 1.0
37 1724 1.0
37 2464 1.0
38 643 1.0
39 488 1.0
39 1010 1.0
40 146 1.0
40 148 1.0
40 177 1.0
40 411 1.0
40 480 1.0
40 621 1.0
40 625 1.0
40 660 1.0
40 847 1.0
40 849 1.0
41 418 1.0
41 2773 1.0
42 487 1.0
42 488 1.0
42 644 1.0
43 847 1.0
44 632 1.0
44 678 1.0
44 868 1.0
45 733 1.0
45 751 1.0
46 847 1.0
47 213 1.0
47 778 1.0
48 106 1.0
48 422 1.0
48 748 1.0
49 847 1.0
50 763 1.0
51 318 1.0
51 355 1.0
51 356 1.0
51 364 1.0
51 390 1.0
51 438 1.0
51 439 1.0
51 470 1.0
51 481 1.0
51 482 1.0
51 483 1.0
51 516 1.0
51 597 1.0
51 616 1.0
51 747 1.0
51 1005 1.0
52 612 1.0
53 161 1.0
53 309 1.0
54 67 1.0
54 184 1.0
54 275 1.0
54 390 1.0
54 422 1.0
54 522 1.0
54 699 1.0
54 714 1.0
54 748 1.0
54 956 1.0
54 998 1.0
54 999 1.0
55 971 1.0
55 972 1.0
55 2196 1.0
55 3279 1.0
56 172 1.0
56 505 1.0
56 1492 1.0
56 1824 1.0
56 3291 1.0
57 157 1.0
57 1127 1.0
57 1253 1.0
57 1536 1.0
57 1608 1.0
57 1636 1.0
57 1682 1.0
57 1769 1.0
57 1981 1.0
58 180 1.0
58 302 1.0
58 390 1.0
58 414 1.0
58 439 1.0
58 554 1.0
58 697 1.0
59 604 1.0
59 847 1.0
60 443 1.0
60 586 1.0
61 944 1.0
61 986 1.0
62 802 1.0
62 2593 1.0
63 97 1.0
63 274 1.0
63 329 1.0
63 661 1.0
63 916 1.0
63 949 1.0
64 91 1.0
64 210 1.0
64 239 1.0
64 569 1.0
64 643 1.0
65 152 1.0
65 218 1.0
65 266 1.0
65 876 1.0
65 992 1.0
66 331 1.0
67 105 1.0
67 176 1.0
67 291 1.0
67 616 1.0
67 714 1.0
67 748 1.0
67 998 1.0
67 999 1.0
67 1000 1.0
68 301 1.0
69 265 1.0
69 276 1.0
69 296 1.0
69 338 1.0
69 355 1.0
69 356 1.0
69 372 1.0
69 461 1.0
69 505 1.0
69 516 1.0
70 631 1.0
70 659 1.0
70 750 1.0
71 190 1.0
71 2509 1.0
72 674 1.0
73 894 1.0
74 991 1.0
75 495 1.0
76 674 1.0
77 735 1.0
77 813 1.0
77 916 1.0
78 505 1.0
78 534 1.0
78 732 1.0
79 103 1.0
79 278 1.0
79 460 1.0
79 828 1.0
79 1019 1.0
79 1724 1.0
79 2460 1.0
79 2677 1.0
79 3162 1.0
80 269 1.0
80 1545 1.0
81 847 1.0
82 390 1.0
82 658 1.0
83 274 1.0
83 643 1.0
84 743 1.0
84 986 1.0
85 366 1.0
85 390 1.0
85 619 1.0
85 697 1.0
85 698 1.0
85 699 1.0
86 262 1.0
86 272 1.0
86 460 1.0
86 461 1.0
86 539 1.0
86 585 1.0
86 626 1.0
86 769 1.0
86 797 1.0
86 1006 1.0
87 597 1.0
88 152 1.0
88 154 1.0
88 266 1.0
88 779 1.0
88 780 1.0
88 905 1.0
88 1281 1.0
88 1998 1.0
88 1999 1.0
88 2073 1.0
89 546 1.0
89 548 1.0
89 788 1.0
90 474 1.0
90 862 1.0
90 1631 1.0
91 682 1.0
91 795 1.0
93 447 1.0
93 763 1.0
93 800 1.0
94 285 1.0
94 373 1.0
94 374 1.0
94 390 1.0
94 439 1.0
94 444 1.0
94 445 1.0
95 571 1.0
95 574 1.0
95 698 1.0
95 2923 1.0
96 913 1.0
96 997 1.0
97 329 1.0
97 661 1.0
97 949 1.0
98 390 1.0
98 699 1.0
99 723 1.0
99 931 1.0
99 952 1.0
100 680 1.0
101 542 1.0
102 267 1.0
103 272 1.0
103 364 1.0
103 390 1.0
104 129 1.0
104 131 1.0
104 134 1.0
104 140 1.0
105 176 1.0
105 180 1.0
105 275 1.0
105 422 1.0
105 522 1.0
105 699 1.0
105 714 1.0
105 748 1.0
105 998 1.0
105 999 1.0
106 184 1.0
106 275 1.0
106 291 1.0
106 390 1.0
106 422 1.0
106 442 1.0
106 522 1.0
106 554 1.0
106 699 1.0
106 714 1.0
106 748 1.0
106 998 1.0
106 999 1.0
107 265 1.0
107 276 1.0
107 338 1.0
107 372 1.0
107 502 1.0
108 173 1.0
108 383 1.0
108 838 1.0
108 1494 1.0
108 2125 1.0
109 323 1.0
109 848 1.0
110 584 1.0
112 917 1.0
113 382 1.0
114 329 1.0
115 569 1.0
115 671 1.0
116 410 1.0
119 381 1.0
119 810 1.0
120 634 1.0
121 643 1.0
121 814 1.0
121 816 1.0
121 866 1.0
122 263 1.0
122 297 1.0
122 471 1.0
122 1004 1.0
122 2745 1.0
123 310 1.0
123 547 1.0
123 668 1.0
123 669 1.0
124 881 1.0
125 822 1.0
126 243 1.0
126 617 1.0
127 297 1.0
127 471 1.0
128 638 1.0
129 589 1.0
130 182 1.0
130 1498 1.0
130 2361 1.0
131 589 1.0
132 564 1.0
133 323 1.0
133 1098 1.0
134 589 1.0
134 691 1.0
135 319 1.0
135 370 1.0
135 610 1.0
135 715 1.0
135 716 1.0
136 643 1.0
136 809 1.0
136 814 1.0
137 330 1.0
137 416 1.0
138 486 1.0
138 847 1.0
139 495 1.0
139 731 1.0
140 589 1.0
141 144 1.0
141 418 1.0
141 1002 1.0
142 416 1.0
142 472 1.0
142 496 1.0
143 704 1.0
144 146 1.0
144 281 1.0
144 416 1.0
144 453 1.0
144 822 1.0
144 1002 1.0
145 472 1.0
145 497 1.0
145 542 1.0
145 822 1.0
146 230 1.0
146 416 1.0
146 418 1.0
146 822 1.0
146 907 1.0
147 390 1.0
147 456 1.0
147 927 1.0
148 230 1.0
149 150 1.0
149 325 1.0
149 326 1.0
149 637 1.0
149 917 1.0
149 1509 1.0
149 1701 1.0
150 326 1.0
150 637 1.0
150 917 1.0
150 1509 1.0
150 1701 1.0
151 390 1.0
151 598 1.0
152 266 1.0
152 291 1.0
152 566 1.0
152 573 1.0
153 275 1.0
153 291 1.0
153 390 1.0
153 422 1.0
153 522 1.0
153 699 1.0
153 714 1.0
153 748 1.0
154 291 1.0
154 390 1.0
154 460 1.0
154 483 1.0
155 390 1.0
155 699 1.0
156 390 1.0
156 699 1.0
157 290 1.0
157 641 1.0
158 568 1.0
158 583 1.0
158 970 1.0
159 285 1.0
159 291 1.0
159 504 1.0
159 547 1.0
160 596 1.0
160 753 1.0
160 854 1.0
160 980 1.0
161 309 1.0
162 782 1.0
163 290 1.0
164 353 1.0
164 952 1.0
165 863 1.0
166 656 1.0
166 731 1.0
167 291 1.0
167 364 1.0
167 390 1.0
167 439 1.0
167 462 1.0
167 608 1.0
167 639 1.0
167 799 1.0
168 608 1.0
169 293 1.0
170 287 1.0
170 306 1.0
170 348 1.0
170 494 1.0
170 520 1.0
170 846 1.0
171 506 1.0
171 817 1.0
172 505 1.0
172 1168 1.0
172 1934 1.0
173 384 1.0
173 514 1.0
173 838 1.0
174 410 1.0
174 509 1.0
175 479 1.0
176 390 1.0
176 830 1.0
176 987 1.0
176 998 1.0
177 230 1.0
178 228 1.0
178 232 1.0
178 236 1.0
179 267 1.0
179 297 1.0
179 438 1.0
179 471 1.0
179 573 1.0
179 646 1.0
179 779 1.0
179 1075 1.0
179 1282 1.0
179 1650 1.0
179 1921 1.0
179 1991 1.0
180 303 1.0
180 390 1.0
180 572 1.0
180 688 1.0
180 698 1.0
180 717 1.0
180 842 1.0
180 987 1.0
181 847 1.0
182 278 1.0
182 390 1.0
182 523 1.0
183 185 1.0
183 452 1.0
183 605 1.0
183 2207 1.0
183 3117 1.0
184 422 1.0
184 539 1.0
184 586 1.0
184 694 1.0
184 697 1.0
184 714 1.0
184 999 1.0
184 1000 1.0
184 1249 1.0
184 1761 1.0
184 3252 1.0
185 605 1.0
185 2641 1.0
185 2855 1.0
185 3043 1.0
185 3267 1.0
186 847 1.0
186 966 1.0
187 847 1.0
188 531 1.0
188 791 1.0
188 814 1.0
189 391 1.0
189 483 1.0
191 409 1.0
191 661 1.0
191 847 1.0
192 607 1.0
193 758 1.0
193 759 1.0
193 760 1.0
194 265 1.0
194 372 1.0
194 422 1.0
194 445 1.0
194 3122 1.0
195 753 1.0
196 389 1.0
196 973 1.0
197 647 1.0
197 898 1.0
198 416 1.0
199 606 1.0
199 2855 1.0
200 390 1.0
200 582 1.0
201 383 1.0
201 838 1.0
201 1494 1.0
201 2125 1.0
202 255 1.0
202 385 1.0
202 386 1.0
202 387 1.0
202 584 1.0
202 654 1.0
202 847 1.0
202 932 1.0
202 933 1.0
203 239 1.0
203 274 1.0
203 661 1.0
204 650 1.0
204 945 1.0
205 670 1.0
206 507 1.0
206 1628 1.0
207 499 1.0
208 495 1.0
208 659 1.0
209 347 1.0
209 641 1.0
210 279 1.0
210 682 1.0
211 659 1.0
212 390 1.0
212 439 1.0
212 963 1.0
213 293 1.0
213 396 1.0
213 397 1.0
213 447 1.0
213 872 1.0
214 654 1.0
214 860 1.0
215 672 1.0
216 291 1.0
216 684 1.0
217 591 1.0
217 615 1.0
217 724 1.0
218 725 1.0
218 732 1.0
218 1247 1.0
218 1489 1.0
218 1724 1.0
218 2104 1.0
218 2401 1.0
218 2638 1.0
218 3303 1.0
219 390 1.0
219 681 1.0
220 619 1.0
221 390 1.0
222 924 1.0
223 708 1.0
224 697 1.0
225 653 1.0
226 631 1.0
226 986 1.0
227 753 1.0
228 295 1.0
228 305 1.0
229 625 1.0
230 411 1.0
230 480 1.0
230 621 1.0
230 625 1.0
231 390 1.0
231 681 1.0
232 295 1.0
232 305 1.0
233 292 1.0
233 390 1.0
233 420 1.0
234 364 1.0
234 390 1.0
234 571 1.0
235 592 1.0
235 739 1.0
235 1068 1.0
235 1226 1.0
235 1568 1.0
236 295 1.0
236 305 1.0
237 979 1.0
238 608 1.0
239 498 1.0
239 643 1.0
239 682 1.0
239 704 1.0
240 386 1.0
240 584 1.0
240 618 1.0
240 654 1.0
240 794 1.0
240 932 1.0
241 410 1.0
241 631 1.0
241 659 1.0
242 822 1.0
242 847 1.0
242 979 1.0
243 617 1.0
244 364 1.0
244 390 1.0
244 439 1.0
244 483 1.0
244 547 1.0
244 926 1.0
245 722 1.0
245 1009 1.0
246 810 1.0
246 2559 1.0
247 806 1.0
247 933 1.0
247 1003 1.0
248 390 1.0
248 681 1.0
249 388 1.0
250 691 1.0
251 302 1.0
251 364 1.0
251 373 1.0
251 438 1.0
251 517 1.0
251 668 1.0
251 669 1.0
251 699 1.0
251 745 1.0
251 1956 1.0
252 290 1.0
253 364 1.0
253 390 1.0
253 439 1.0
253 483 1.0
253 547 1.0
253 926 1.0
254 390 1.0
255 654 1.0
256 447 1.0
257 556 1.0
257 573 1.0
258 944 1.0
259 364 1.0
259 390 1.0
259 439 1.0
259 483 1.0
259 547 1.0
259 926 1.0
260 290 1.0
261 523 1.0
262 272 1.0
262 373 1.0
262 471 1.0
262 541 1.0
262 673 1.0
262 780 1.0
262 797 1.0
262 887 1.0
263 283 1.0
263 311 1.0
263 344 1.0
263 424 1.0
263 425 1.0
263 426 1.0
263 460 1.0
263 566 1.0
263 685 1.0
263 768 1.0
263 769 1.0
263 796 1.0
263 840 1.0
264 723 1.0
264 815 1.0
265 501 1.0
265 502 1.0
265 567 1.0
265 655 1.0
265 888 1.0
266 297 1.0
266 685 1.0
266 732 1.0
266 905 1.0
266 2081 1.0
266 3191 1.0
267 780 1.0
268 561 1.0
268 668 1.0
269 878 1.0
270 868 1.0
271 487 1.0
271 488 1.0
271 612 1.0
271 643 1.0
271 644 1.0
271 690 1.0
272 285 1.0
272 310 1.0
272 471 1.0
272 516 1.0
272 780 1.0
272 827 1.0
272 887 1.0
273 432 1.0
273 433 1.0
274 735 1.0
274 916 1.0
275 469 1.0
275 619 1.0
275 697 1.0
275 956 1.0
275 987 1.0
275 1000 1.0
275 1249 1.0
276 463 1.0
276 471 1.0
276 555 1.0
276 580 1.0
276 581 1.0
276 655 1.0
276 827 1.0
276 888 1.0
276 901 1.0
276 902 1.0
277 951 1.0
278 310 1.0
278 444 1.0
278 828 1.0
278 1175 1.0
278 1267 1.0
278 1724 1.0
278 2464 1.0
279 358 1.0
279 2292 1.0
279 2969 1.0
279 3005 1.0
279 3006 1.0
280 324 1.0
280 350 1.0
280 917 1.0
281 418 1.0
281 419 1.0
281 584 1.0
281 822 1.0
281 861 1.0
282 631 1.0
283 311 1.0
284 429 1.0
284 732 1.0
284 1513 1.0
285 356 1.0
285 445 1.0
285 471 1.0
285 697 1.0
285 896 1.0
285 2482 1.0
286 544 1.0
286 545 1.0
287 337 1.0
287 675 1.0
287 692 1.0
287 846 1.0
288 615 1.0
288 917 1.0
289 732 1.0
290 783 1.0
290 784 1.0
291 317 1.0
291 336 1.0
291 356 1.0
291 445 1.0
291 462 1.0
291 470 1.0
291 482 1.0
291 501 1.0
291 516 1.0
291 590 1.0
291 640 1.0
291 673 1.0
291 683 1.0
291 694 1.0
291 708 1.0
291 746 1.0
291 926 1.0
291 927 1.0
291 1714 1.0
291 3130 1.0
293 396 1.0
293 397 1.0
293 651 1.0
293 778 1.0
294 588 1.0
295 475 1.0
295 535 1.0
295 602 1.0
295 634 1.0
295 732 1.0
295 771 1.0
295 882 1.0
296 447 1.0
296 655 1.0
296 1007 1.0
297 504 1.0
297 541 1.0
297 797 1.0
297 802 1.0
297 1232 1.0
297 3015 1.0
298 764 1.0
298 1010 1.0
299 468 1.0
299 648 1.0
300 418 1.0
301 2245 1.0
302 364 1.0
302 438 1.0
302 439 1.0
302 746 1.0
302 804 1.0
302 911 1.0
303 390 1.0
303 698 1.0
303 841 1.0
304 634 1.0
305 429 1.0
305 1512 1.0
305 1710 1.0
306 615 1.0
307 847 1.0
308 868 1.0
308 1986 1.0
310 517 1.0
310 574 1.0
310 699 1.0
311 2105 1.0
311 2529 1.0
311 2530 1.0
312 315 1.0
313 315 1.0
313 643 1.0
313 661 1.0
313 850 1.0
314 315 1.0
314 643 1.0
314 661 1.0
316 410 1.0
316 622 1.0
317 390 1.0
318 390 1.0
318 481 1.0
318 597 1.0
319 788 1.0
320 730 1.0
320 736 1.0
320 737 1.0
320 1009 1.0
321 825 1.0
322 685 1.0
323 512 1.0
323 513 1.0
323 514 1.0
324 326 1.0
324 637 1.0
324 1509 1.0
324 1701 1.0
325 326 1.0
325 637 1.0
325 917 1.0
325 1509 1.0
325 1701 1.0
326 350 1.0
326 591 1.0
326 637 1.0
326 917 1.0
326 1509 1.0
326 1701 1.0
327 637 1.0
327 917 1.0
327 1509 1.0
327 1701 1.0
328 617 1.0
328 661 1.0
328 948 1.0
329 661 1.0
329 821 1.0
329 916 1.0
329 948 1.0
330 659 1.0
332 439 1.0
332 597 1.0
332 799 1.0
332 2342 1.0
333 722 1.0
334 389 1.0
334 756 1.0
336 390 1.0
336 598 1.0
337 675 1.0
338 463 1.0
338 471 1.0
338 555 1.0
338 580 1.0
338 581 1.0
338 655 1.0
338 827 1.0
338 888 1.0
338 901 1.0
338 902 1.0
339 813 1.0
339 1858 1.0
339 2799 1.0
339 3158 1.0
340 509 1.0
341 868 1.0
341 1386 1.0
341 1560 1.0
341 3258 1.0
342 771 1.0
343 869 1.0
343 1804 1.0
344 2570 1.0
345 857 1.0
346 477 1.0
347 719 1.0
348 630 1.0
348 643 1.0
348 848 1.0
348 982 1.0
349 574 1.0
349 575 1.0
349 619 1.0
349 1177 1.0
350 515 1.0
350 615 1.0
350 629 1.0
350 985 1.0
351 354 1.0
351 416 1.0
351 2579 1.0
352 353 1.0
352 354 1.0
352 2583 1.0
353 354 1.0
353 421 1.0
354 1958 1.0
354 2259 1.0
354 2407 1.0
354 2579 1.0
354 2580 1.0
354 2585 1.0
354 2586 1.0
354 2770 1.0
355 356 1.0
355 364 1.0
355 390 1.0
355 439 1.0
355 483 1.0
355 747 1.0
355 772 1.0
355 976 1.0
355 977 1.0
355 1004 1.0
356 390 1.0
356 745 1.0
356 747 1.0
356 773 1.0
357 888 1.0
358 359 1.0
360 361 1.0
360 419 1.0
360 822 1.0
362 971 1.0
363 390 1.0
363 765 1.0
364 365 1.0
364 382 1.0
364 439 1.0
364 462 1.0
364 470 1.0
364 481 1.0
364 482 1.0
364 483 1.0
364 516 1.0
364 517 1.0
364 523 1.0
364 525 1.0
364 550 1.0
364 673 1.0
364 697 1.0
364 701 1.0
364 706 1.0
364 745 1.0
364 746 1.0
364 777 1.0
364 804 1.0
364 910 1.0
364 911 1.0
364 918 1.0
365 439 1.0
365 799 1.0
365 1004 1.0
365 2446 1.0
366 699 1.0
366 700 1.0
367 488 1.0
368 488 1.0
369 477 1.0
369 651 1.0
370 1337 1.0
371 895 1.0
372 501 1.0
372 502 1.0
372 655 1.0
372 888 1.0
372 1007 1.0
373 374 1.0
373 444 1.0
373 445 1.0
373 2463 1.0
373 3014 1.0
373 3015 1.0
374 444 1.0
374 445 1.0
374 763 1.0
375 515 1.0
375 630 1.0
376 673 1.0
377 673 1.0
377 1001 1.0
377 2371 1.0
378 947 1.0
378 1633 1.0
378 2339 1.0
378 2596 1.0
379 678 1.0
379 954 1.0
380 537 1.0
381 605 1.0
381 606 1.0
381 684 1.0
381 713 1.0
382 390 1.0
382 391 1.0
382 439 1.0
383 384 1.0
383 514 1.0
383 838 1.0
384 514 1.0
384 838 1.0
385 386 1.0
386 584 1.0
386 932 1.0
387 434 1.0
387 649 1.0
387 650 1.0
388 579 1.0
388 676 1.0
389 467 1.0
389 579 1.0
389 584 1.0
389 636 1.0
389 756 1.0
389 936 1.0
389 973 1.0
390 391 1.0
390 414 1.0
390 444 1.0
390 445 1.0
390 450 1.0
390 455 1.0
390 456 1.0
390 462 1.0
390 470 1.0
390 481 1.0
390 482 1.0
390 483 1.0
390 504 1.0
390 507 1.0
390 516 1.0
390 517 1.0
390 523 1.0
390 525 1.0
390 550 1.0
390 557 1.0
390 573 1.0
390 576 1.0
390 597 1.0
390 608 1.0
390 619 1.0
390 658 1.0
390 668 1.0
390 669 1.0
390 673 1.0
390 680 1.0
390 694 1.0
390 697 1.0
390 698 1.0
390 700 1.0
390 701 1.0
390 702 1.0
390 706 1.0
390 708 1.0
390 711 1.0
390 727 1.0
390 744 1.0
390 746 1.0
390 772 1.0
390 773 1.0
390 799 1.0
390 802 1.0
390 804 1.0
390 812 1.0
390 880 1.0
390 896 1.0
390 899 1.0
390 906 1.0
390 910 1.0
390 929 1.0
390 1000 1.0
391 799 1.0
392 592 1.0
392 914 1.0
393 940 1.0
394 506 1.0
394 847 1.0
394 938 1.0
394 940 1.0
395 397 1.0
396 397 1.0
396 723 1.0
396 778 1.0
397 652 1.0
397 778 1.0
398 820 1.0
399 951 1.0
400 401 1.0
400 402 1.0
400 405 1.0
400 693 1.0
400 916 1.0
401 402 1.0
401 404 1.0
401 405 1.0
401 693 1.0
401 3183 1.0
402 3185 1.0
403 404 1.0
403 405 1.0
403 631 1.0
404 405 1.0
404 693 1.0
404 1343 1.0
404 1859 1.0
404 3183 1.0
405 693 1.0
405 2134 1.0
406 789 1.0
407 812 1.0
408 516 1.0
409 847 1.0
410 411 1.0
410 570 1.0
410 622 1.0
410 975 1.0
411 631 1.0
412 822 1.0
413 608 1.0
413 2466 1.0
413 2868 1.0
414 439 1.0
415 953 1.0
416 418 1.0
416 453 1.0
416 499 1.0
416 879 1.0
416 1003 1.0
417 453 1.0
417 810 1.0
417 822 1.0
418 453 1.0
418 822 1.0
418 1002 1.0
421 1150 1.0
421 1262 1.0
421 1646 1.0
421 1687 1.0
422 469 1.0
422 554 1.0
422 586 1.0
422 633 1.0
422 714 1.0
422 987 1.0
422 1899 1.0
423 952 1.0
424 426 1.0
425 426 1.0
427 763 1.0
428 673 1.0
428 891 1.0
429 601 1.0
429 732 1.0
429 1172 1.0
429 1408 1.0
429 1409 1.0
429 1512 1.0
429 1710 1.0
429 1721 1.0
430 732 1.0
431 868 1.0
431 925 1.0
432 433 1.0
432 705 1.0
432 855 1.0
432 915 1.0
432 1420 1.0
433 915 1.0
434 506 1.0
435 847 1.0
436 847 1.0
437 438 1.0
437 516 1.0
437 711 1.0
438 439 1.0
438 745 1.0
439 444 1.0
439 445 1.0
439 481 1.0
439 482 1.0
439 483 1.0
439 516 1.0
439 517 1.0
439 525 1.0
439 597 1.0
439 668 1.0
439 669 1.0
439 680 1.0
439 697 1.0
439 702 1.0
439 747 1.0
439 755 1.0
439 804 1.0
439 871 1.0
439 918 1.0
441 645 1.0
441 774 1.0
441 880 1.0
441 1236 1.0
441 1478 1.0
441 1531 1.0
441 1723 1.0
441 1801 1.0
441 2168 1.0
441 2447 1.0
441 2665 1.0
441 2765 1.0
443 586 1.0
444 445 1.0
446 909 1.0
446 3273 1.0
447 535 1.0
447 744 1.0
447 778 1.0
447 800 1.0
447 921 1.0
447 967 1.0
448 810 1.0
449 450 1.0
450 451 1.0
450 560 1.0
450 710 1.0
450 896 1.0
451 773 1.0
452 605 1.0
454 817 1.0
455 1008 1.0
456 698 1.0
456 927 1.0
457 458 1.0
459 573 1.0
459 697 1.0
460 539 1.0
460 685 1.0
460 1006 1.0
460 2361 1.0
460 3156 1.0
460 3159 1.0
461 888 1.0
462 556 1.0
462 609 1.0
462 828 1.0
464 739 1.0
464 2745 1.0
465 466 1.0
467 767 1.0
469 522 1.0
469 554 1.0
469 586 1.0
469 633 1.0
469 697 1.0
471 504 1.0
471 510 1.0
471 541 1.0
471 556 1.0
471 566 1.0
471 697 1.0
471 732 1.0
471 780 1.0
471 797 1.0
471 802 1.0
471 1075 1.0
471 1169 1.0
471 1199 1.0
471 1232 1.0
471 1357 1.0
471 1383 1.0
471 2221 1.0
471 2812 1.0
471 3015 1.0
472 822 1.0
473 767 1.0
473 822 1.0
474 862 1.0
474 1968 1.0
475 476 1.0
475 558 1.0
475 742 1.0
477 753 1.0
477 951 1.0
478 868 1.0
481 482 1.0
481 483 1.0
481 616 1.0
481 698 1.0
481 747 1.0
481 1004 1.0
481 1005 1.0
482 697 1.0
483 516 1.0
483 525 1.0
483 597 1.0
483 702 1.0
483 706 1.0
483 708 1.0
483 918 1.0
483 926 1.0
484 847 1.0
485 486 1.0
487 488 1.0
487 950 1.0
488 489 1.0
488 569 1.0
488 790 1.0
488 833 1.0
488 834 1.0
488 950 1.0
488 955 1.0
488 964 1.0
488 1010 1.0
490 805 1.0
491 635 1.0
492 493 1.0
492 570 1.0
492 631 1.0
493 907 1.0
493 979 1.0
494 767 1.0
494 1003 1.0
495 631 1.0
495 659 1.0
495 667 1.0
495 743 1.0
495 935 1.0
495 979 1.0
495 986 1.0
496 596 1.0
499 691 1.0
500 892 1.0
501 502 1.0
501 1004 1.0
501 1007 1.0
502 508 1.0
502 664 1.0
502 755 1.0
502 1004 1.0
502 1007 1.0
503 634 1.0
504 510 1.0
504 747 1.0
505 534 1.0
505 562 1.0
505 732 1.0
506 721 1.0
506 843 1.0
506 847 1.0
506 938 1.0
506 2509 1.0
507 541 1.0
508 655 1.0
509 847 1.0
509 848 1.0
510 566 1.0
511 691 1.0
514 868 1.0
515 629 1.0
515 848 1.0
515 985 1.0
516 699 1.0
516 745 1.0
516 747 1.0
516 772 1.0
516 805 1.0
516 976 1.0
516 977 1.0
516 1004 1.0
517 525 1.0
517 673 1.0
517 871 1.0
518 952 1.0
519 691 1.0
519 814 1.0
519 847 1.0
520 847 1.0
521 616 1.0
521 701 1.0
522 616 1.0
522 619 1.0
522 697 1.0
522 956 1.0
522 987 1.0
522 999 1.0
522 1000 1.0
522 1249 1.0
522 1374 1.0
522 1460 1.0
522 1464 1.0
524 971 1.0
525 590 1.0
526 847 1.0
527 847 1.0
529 847 1.0
530 879 1.0
530 2987 1.0
531 532 1.0
531 810 1.0
533 534 1.0
533 732 1.0
534 732 1.0
534 862 1.0
536 564 1.0
537 655 1.0
538 673 1.0
538 769 1.0
540 784 1.0
542 791 1.0
542 847 1.0
543 851 1.0
544 545 1.0
546 548 1.0
546 788 1.0
547 572 1.0
547 573 1.0
547 590 1.0
547 697 1.0
548 986 1.0
549 572 1.0
549 574 1.0
549 575 1.0
549 616 1.0
549 646 1.0
549 698 1.0
551 679 1.0
551 680 1.0
552 637 1.0
552 952 1.0
553 673 1.0
553 1921 1.0
553 1951 1.0
553 2161 1.0
553 2728 1.0
553 2791 1.0
554 830 1.0
554 1000 1.0
554 1642 1.0
555 901 1.0
555 902 1.0
556 829 1.0
556 2266 1.0
556 2894 1.0
557 897 1.0
559 753 1.0
561 655 1.0
561 669 1.0
563 704 1.0
564 775 1.0
564 975 1.0
565 852 1.0
566 770 1.0
566 771 1.0
566 802 1.0
567 1650 1.0
569 600 1.0
569 612 1.0
569 682 1.0
569 866 1.0
570 659 1.0
571 616 1.0
571 697 1.0
571 698 1.0
572 573 1.0
572 574 1.0
572 616 1.0
572 697 1.0
572 698 1.0
572 841 1.0
573 689 1.0
573 829 1.0
574 616 1.0
574 697 1.0
574 698 1.0
575 616 1.0
575 698 1.0
575 699 1.0
576 873 1.0
577 965 1.0
577 1857 1.0
577 3209 1.0
578 608 1.0
579 753 1.0
579 788 1.0
580 581 1.0
583 612 1.0
583 847 1.0
587 808 1.0
588 739 1.0
588 952 1.0
591 724 1.0
591 978 1.0
591 1017 1.0
592 615 1.0
592 685 1.0
592 739 1.0
592 1068 1.0
592 1226 1.0
592 1568 1.0
593 595 1.0
593 847 1.0
594 595 1.0
594 847 1.0
595 847 1.0
595 916 1.0
597 608 1.0
598 599 1.0
600 671 1.0
601 834 1.0
603 661 1.0
604 846 1.0
604 850 1.0
605 993 1.0
607 849 1.0
608 639 1.0
608 706 1.0
608 773 1.0
608 896 1.0
609 828 1.0
609 1019 1.0
609 3162 1.0
610 715 1.0
610 1706 1.0
611 613 1.0
611 644 1.0
611 950 1.0
612 955 1.0
612 964 1.0
612 965 1.0
613 955 1.0
614 696 1.0
614 2362 1.0
615 1509 1.0
615 3205 1.0
615 3217 1.0
616 668 1.0
616 694 1.0
616 714 1.0
616 748 1.0
616 998 1.0
616 999 1.0
616 1000 1.0
616 1714 1.0
616 2018 1.0
616 3236 1.0
617 661 1.0
617 916 1.0
619 698 1.0
619 699 1.0
619 700 1.0
619 920 1.0
619 1004 1.0
620 621 1.0
620 623 1.0
620 631 1.0
621 623 1.0
621 624 1.0
622 982 1.0
623 624 1.0
623 625 1.0
624 625 1.0
626 2276 1.0
626 2843 1.0
627 823 1.0
628 753 1.0
628 1243 1.0
628 1461 1.0
629 630 1.0
629 985 1.0
631 750 1.0
631 979 1.0
631 980 1.0
631 988 1.0
631 995 1.0
631 1003 1.0
631 1009 1.0
632 868 1.0
633 956 1.0
634 749 1.0
634 819 1.0
635 870 1.0
635 961 1.0
638 3046 1.0
639 640 1.0
639 799 1.0
640 799 1.0
641 643 1.0
641 719 1.0
642 986 1.0
643 661 1.0
643 663 1.0
643 682 1.0
643 807 1.0
643 808 1.0
643 814 1.0
643 840 1.0
643 866 1.0
643 893 1.0
643 923 1.0
643 994 1.0
644 1010 1.0
645 880 1.0
645 1633 1.0
646 732 1.0
646 1282 1.0
646 1650 1.0
646 1895 1.0
646 2064 1.0
646 2149 1.0
646 2150 1.0
647 898 1.0
648 2181 1.0
648 2865 1.0
650 957 1.0
651 691 1.0
651 928 1.0
651 986 1.0
653 2895 1.0
654 860 1.0
654 932 1.0
655 1007 1.0
656 657 1.0
657 663 1.0
657 935 1.0
659 660 1.0
659 722 1.0
659 750 1.0
659 877 1.0
659 979 1.0
659 980 1.0
659 986 1.0
659 1003 1.0
659 1009 1.0
660 875 1.0
660 986 1.0
661 674 1.0
661 726 1.0
661 735 1.0
661 835 1.0
661 836 1.0
661 852 1.0
661 877 1.0
661 908 1.0
661 916 1.0
661 948 1.0
662 877 1.0
663 831 1.0
663 858 1.0
665 685 1.0
665 727 1.0
665 728 1.0
665 768 1.0
665 2081 1.0
666 667 1.0
668 698 1.0
668 699 1.0
668 701 1.0
668 766 1.0
668 802 1.0
669 699 1.0
672 2420 1.0
672 2437 1.0
673 711 1.0
673 762 1.0
673 802 1.0
673 839 1.0
673 905 1.0
676 2985 1.0
677 678 1.0
677 867 1.0
677 868 1.0
677 1394 1.0
677 1747 1.0
677 1984 1.0
678 867 1.0
678 1747 1.0
678 1984 1.0
679 680 1.0
680 934 1.0
680 1005 1.0
681 2461 1.0
684 953 1.0
684 969 1.0
685 686 1.0
685 687 1.0
685 697 1.0
685 769 1.0
685 845 1.0
685 903 1.0
685 905 1.0
686 769 1.0
686 887 1.0
686 905 1.0
686 1469 1.0
686 1678 1.0
686 1876 1.0
686 2278 1.0
686 2494 1.0
686 2669 1.0
686 2686 1.0
687 769 1.0
687 887 1.0
687 905 1.0
687 1876 1.0
687 2686 1.0
688 841 1.0
690 691 1.0
691 898 1.0
691 935 1.0
691 1009 1.0
692 2651 1.0
694 698 1.0
695 753 1.0
695 1301 1.0
695 1960 1.0
697 698 1.0
697 699 1.0
697 700 1.0
697 748 1.0
697 887 1.0
697 905 1.0
698 700 1.0
698 701 1.0
698 805 1.0
698 904 1.0
699 700 1.0
699 701 1.0
699 714 1.0
699 746 1.0
699 748 1.0
699 755 1.0
699 842 1.0
699 906 1.0
699 987 1.0
699 999 1.0
699 1000 1.0
701 799 1.0
703 892 1.0
703 893 1.0
704 751 1.0
704 752 1.0
704 855 1.0
705 1420 1.0
706 772 1.0
706 773 1.0
706 946 1.0
707 708 1.0
707 709 1.0
707 799 1.0
708 709 1.0
708 799 1.0
710 1148 1.0
710 1533 1.0
711 960 1.0
712 750 1.0
712 847 1.0
712 935 1.0
713 798 1.0
714 748 1.0
714 956 1.0
714 987 1.0
714 999 1.0
714 1000 1.0
715 2739 1.0
716 2381 1.0
716 2961 1.0
718 877 1.0
720 759 1.0
721 722 1.0
722 787 1.0
723 764 1.0
723 814 1.0
723 816 1.0
723 847 1.0
725 876 1.0
725 992 1.0
725 2340 1.0
725 2400 1.0
727 728 1.0
727 768 1.0
727 968 1.0
728 768 1.0
729 730 1.0
729 737 1.0
729 847 1.0
729 1009 1.0
730 737 1.0
730 847 1.0
730 942 1.0
731 907 1.0
731 979 1.0
732 780 1.0
732 862 1.0
732 876 1.0
732 905 1.0
733 734 1.0
733 855 1.0
734 751 1.0
735 813 1.0
736 737 1.0
737 954 1.0
738 739 1.0
738 789 1.0
738 2665 1.0
740 793 1.0
741 847 1.0
741 1009 1.0
743 979 1.0
745 746 1.0
745 804 1.0
745 805 1.0
745 910 1.0
745 911 1.0
746 747 1.0
746 772 1.0
746 804 1.0
746 805 1.0
747 804 1.0
747 805 1.0
747 910 1.0
747 911 1.0
748 956 1.0
748 987 1.0
748 998 1.0
748 999 1.0
748 1000 1.0
748 1761 1.0
750 979 1.0
750 986 1.0
751 752 1.0
751 996 1.0
752 994 1.0
752 996 1.0
753 811 1.0
753 853 1.0
753 874 1.0
754 782 1.0
754 801 1.0
754 802 1.0
754 1254 1.0
757 758 1.0
760 847 1.0
761 847 1.0
762 1001 1.0
762 1376 1.0
762 1990 1.0
763 800 1.0
763 805 1.0
763 825 1.0
764 919 1.0
767 822 1.0
768 905 1.0
768 1876 1.0
769 796 1.0
769 1231 1.0
769 1234 1.0
769 1273 1.0
769 2157 1.0
769 2686 1.0
770 771 1.0
770 3040 1.0
770 3041 1.0
772 804 1.0
772 896 1.0
772 911 1.0
774 880 1.0
774 1236 1.0
774 1633 1.0
774 2118 1.0
775 847 1.0
775 857 1.0
776 883 1.0
777 799 1.0
778 872 1.0
779 882 1.0
779 887 1.0
779 1006 1.0
779 1279 1.0
779 1664 1.0
779 1895 1.0
779 2202 1.0
779 3028 1.0
780 1006 1.0
780 1203 1.0
780 1239 1.0
780 1282 1.0
780 1650 1.0
780 1664 1.0
780 1788 1.0
780 1895 1.0
780 1921 1.0
780 1991 1.0
780 2064 1.0
780 2149 1.0
781 858 1.0
781 2585 1.0
782 2639 1.0
782 2640 1.0
785 847 1.0
786 814 1.0
788 847 1.0
788 875 1.0
788 935 1.0
792 793 1.0
792 859 1.0
793 818 1.0
793 859 1.0
795 1794 1.0
795 1811 1.0
795 2382 1.0
799 803 1.0
801 802 1.0
802 905 1.0
802 1004 1.0
804 805 1.0
804 911 1.0
806 2767 1.0
807 809 1.0
807 814 1.0
808 809 1.0
808 814 1.0
810 822 1.0
810 900 1.0
813 916 1.0
814 816 1.0
814 847 1.0
814 848 1.0
814 866 1.0
814 884 1.0
816 847 1.0
816 848 1.0
816 866 1.0
817 1002 1.0
818 1708 1.0
821 2591 1.0
821 3013 1.0
822 879 1.0
824 970 1.0
826 847 1.0
826 912 1.0
828 1326 1.0
828 1543 1.0
828 1667 1.0
828 2202 1.0
828 2460 1.0
828 3028 1.0
831 834 1.0
831 886 1.0
834 964 1.0
835 837 1.0
836 837 1.0
842 896 1.0
843 847 1.0
845 2183 1.0
846 848 1.0
846 850 1.0
847 966 1.0
847 980 1.0
847 983 1.0
847 984 1.0
847 996 1.0
848 980 1.0
848 983 1.0
848 984 1.0
848 985 1.0
851 2336 1.0
851 2756 1.0
852 908 1.0
853 1252 1.0
853 1916 1.0
853 2050 1.0
853 3296 1.0
855 1675 1.0
855 2282 1.0
855 2441 1.0
855 2699 1.0
855 3107 1.0
855 3124 1.0
856 877 1.0
857 863 1.0
860 861 1.0
861 2455 1.0
862 1129 1.0
862 1212 1.0
862 1850 1.0
862 1937 1.0
862 1968 1.0
862 1969 1.0
863 864 1.0
863 865 1.0
865 1216 1.0
865 1240 1.0
865 1933 1.0
867 868 1.0
867 1747 1.0
868 925 1.0
869 932 1.0
873 1168 1.0
874 2429 1.0
874 3155 1.0
875 986 1.0
876 992 1.0
876 1247 1.0
876 1489 1.0
876 1724 1.0
876 2104 1.0
876 2400 1.0
876 2401 1.0
876 2638 1.0
876 3303 1.0
877 937 1.0
885 979 1.0
886 1010 1.0
887 1281 1.0
887 1951 1.0
887 1998 1.0
887 1999 1.0
887 2728 1.0
889 890 1.0
891 924 1.0
891 2728 1.0
896 922 1.0
897 3093 1.0
901 902 1.0
901 1004 1.0
905 1231 1.0
905 1234 1.0
905 1969 1.0
905 2081 1.0
905 2161 1.0
905 2278 1.0
905 2669 1.0
905 2670 1.0
905 2686 1.0
905 2728 1.0
905 3040 1.0
905 3041 1.0
905 3191 1.0
914 2651 1.0
917 978 1.0
917 985 1.0
918 926 1.0
919 1010 1.0
920 1004 1.0
920 1005 1.0
926 927 1.0
930 2509 1.0
933 970 1.0
935 979 1.0
935 986 1.0
935 995 1.0
936 937 1.0
936 3020 1.0
938 940 1.0
938 941 1.0
938 2509 1.0
940 2509 1.0
943 944 1.0
943 986 1.0
946 1238 1.0
946 2031 1.0
946 2865 1.0
947 974 1.0
956 999 1.0
956 1000 1.0
956 1894 1.0
958 1380 1.0
959 986 1.0
960 2415 1.0
961 1488 1.0
962 3151 1.0
963 2129 1.0
963 2130 1.0
968 969 1.0
969 1707 1.0
971 972 1.0
972 3279 1.0
974 2339 1.0
976 2214 1.0
978 1549 1.0
979 980 1.0
980 986 1.0
980 990 1.0
981 982 1.0
986 995 1.0
987 999 1.0
989 990 1.0
990 994 1.0
993 1721 1.0
993 3085 1.0
994 996 1.0
998 999 1.0
998 1000 1.0
999 1000 1.0
1004 1336 1.0
1004 1597 1.0
1004 2316 1.0
1005 1197 1.0
1005 1336 1.0
1005 1586 1.0
1005 2860 1.0
1011 1034 1.0
1011 2028 1.0
1011 2029 1.0
1012 2031 1.0
1012 2181 1.0
1013 1297 1.0
1013 1417 1.0
1013 1427 1.0
1013 1545 1.0
1013 1967 1.0
1013 2024 1.0
1014 1059 1.0
1014 1365 1.0
1014 1378 1.0
1014 1380 1.0
1014 1680 1.0
1014 1744 1.0
1015 1236 1.0
1015 1439 1.0
1015 1440 1.0
1015 2093 1.0
1016 2138 1.0
1017 1264 1.0
1017 1549 1.0
1018 1524 1.0
1019 1312 1.0
1019 1354 1.0
1019 1743 1.0
1019 1938 1.0
1019 2064 1.0
1020 1496 1.0
1021 1176 1.0
1022 1907 1.0
1023 1875 1.0
1024 1527 1.0
1025 1414 1.0
1026 1957 1.0
1027 1905 1.0
1028 1048 1.0
1029 1100 1.0
1029 1109 1.0
1029 1248 1.0
1030 1244 1.0
1030 1941 1.0
1031 1487 1.0
1031 1488 1.0
1031 1645 1.0
1031 1872 1.0
1032 2117 1.0
1033 1759 1.0
1033 2014 1.0
1033 2015 1.0
1034 1665 1.0
1034 1666 1.0
1034 2007 1.0
1035 1491 1.0
1036 1485 1.0
1037 1042 1.0
1037 1309 1.0
1037 1615 1.0
1037 1679 1.0
1038 1107 1.0
1038 1174 1.0
1038 1404 1.0
1038 1536 1.0
1038 1636 1.0
1038 1682 1.0
1038 1769 1.0
1039 1212 1.0
1040 1076 1.0
1040 1078 1.0
1040 1309 1.0
1040 1679 1.0
1041 2036 1.0
1042 1615 1.0
1042 1679 1.0
1043 1138 1.0
1043 1828 1.0
1043 1893 1.0
1043 2139 1.0
1043 2165 1.0
1044 1274 1.0
1045 1453 1.0
1045 1704 1.0
1045 1705 1.0
1045 1944 1.0
1045 1954 1.0
1045 1955 1.0
1045 1980 1.0
1045 2002 1.0
1046 1286 1.0
1046 1302 1.0
1046 1521 1.0
1046 1532 1.0
1046 1891 1.0
1046 1902 1.0
1046 2024 1.0
1047 1127 1.0
1047 1442 1.0
1047 1613 1.0
1047 1636 1.0
1047 1679 1.0
1047 1776 1.0
1048 2063 1.0
1050 1168 1.0
1050 1254 1.0
1050 1942 1.0
1051 1253 1.0
1051 2121 1.0
1052 1787 1.0
1053 2135 1.0
1054 1491 1.0
1055 1961 1.0
1055 1962 1.0
1055 1963 1.0
1056 1161 1.0
1057 1254 1.0
1058 1236 1.0
1058 2024 1.0
1059 1365 1.0
1059 1378 1.0
1059 1380 1.0
1059 1733 1.0
1059 1744 1.0
1060 1123 1.0
1061 1374 1.0
1061 1460 1.0
1061 1943 1.0
1062 1374 1.0
1063 1229 1.0
1063 1707 1.0
1064 1811 1.0
1065 1093 1.0
1065 2027 1.0
1066 1171 1.0
1066 1961 1.0
1066 1962 1.0
1066 1963 1.0
1067 1236 1.0
1067 1251 1.0
1068 1209 1.0
1068 1515 1.0
1068 1718 1.0
1068 2115 1.0
1069 2137 1.0
1070 1236 1.0
1070 1500 1.0
1071 1731 1.0
1071 1744 1.0
1071 1985 1.0
1072 2156 1.0
1073 1075 1.0
1073 1387 1.0
1074 1379 1.0
1075 1169 1.0
1075 1220 1.0
1076 1078 1.0
1076 1599 1.0
1077 1527 1.0
1078 1190 1.0
1078 1371 1.0
1078 1599 1.0
1078 1600 1.0
1079 1227 1.0
1079 1245 1.0
1079 1651 1.0
1079 1742 1.0
1079 1823 1.0
1079 1931 1.0
1080 1189 1.0
1080 1195 1.0
1080 1406 1.0
1080 1583 1.0
1080 1657 1.0
1080 1731 1.0
1081 1141 1.0
1081 1950 1.0
1082 1716 1.0
1083 1196 1.0
1083 1373 1.0
1083 1390 1.0
1083 1439 1.0
1083 1440 1.0
1083 1912 1.0
1083 1939 1.0
1083 2093 1.0
1084 2158 1.0
1085 1728 1.0
1086 1479 1.0
1086 1480 1.0
1087 1577 1.0
1088 1236 1.0
1088 1500 1.0
1089 1297 1.0
1089 1347 1.0
1089 1500 1.0
1090 1107 1.0
1090 1174 1.0
1090 1392 1.0
1090 1404 1.0
1090 1608 1.0
1091 1972 1.0
1092 2009 1.0
1093 2026 1.0
1093 2027 1.0
1094 1317 1.0
1094 1676 1.0
1095 1864 1.0
1096 1490 1.0
1096 1878 1.0
1097 1886 1.0
1098 1661 1.0
1099 1767 1.0
1099 1768 1.0
1100 1579 1.0
1100 1634 1.0
1100 1695 1.0
1100 1723 1.0
1100 2105 1.0
1101 1118 1.0
1101 1441 1.0
1101 1609 1.0
1101 1840 1.0
1101 1864 1.0
1101 2132 1.0
1101 2133 1.0
1101 2170 1.0
1101 2171 1.0
1102 1673 1.0
1102 1958 1.0
1103 2103 1.0
1104 1459 1.0
1105 1606 1.0
1106 1132 1.0
1106 1339 1.0
1107 1200 1.0
1107 1404 1.0
1107 1425 1.0
1107 1769 1.0
1107 1776 1.0
1108 1317 1.0
1108 1676 1.0
1109 1401 1.0
1110 1564 1.0
1111 1920 1.0
1112 1952 1.0
1113 1395 1.0
1114 1187 1.0
1114 2058 1.0
1114 2059 1.0
1114 2104 1.0
1115 1383 1.0
1116 1893 1.0
1116 2139 1.0
1117 1154 1.0
1119 2036 1.0
1120 1210 1.0
1120 1256 1.0
1120 1604 1.0
1120 1606 1.0
1120 1818 1.0
1121 1674 1.0
1121 2113 1.0
1122 1690 1.0
1122 2742 1.0
1123 1864 1.0
1124 1460 1.0
1125 1250 1.0
1125 1286 1.0
1125 1302 1.0
1125 1891 1.0
1126 1857 1.0
1128 1588 1.0
1128 1589 1.0
1128 1590 1.0
1129 1631 1.0
1129 1937 1.0
1129 1969 1.0
1130 1822 1.0
1131 1646 1.0
1131 1885 1.0
1132 1860 1.0
1133 2046 1.0
1133 2169 1.0
1134 1422 1.0
1135 1154 1.0
1135 1747 1.0
1136 1494 1.0
1137 1964 1.0
1138 1634 1.0
1138 1801 1.0
1138 2168 1.0
1139 1145 1.0
1139 1716 1.0
1139 1842 1.0
1140 1460 1.0
1141 1248 1.0
1141 1866 1.0
1142 1730 1.0
1143 1980 1.0
1143 2103 1.0
1144 1416 1.0
1144 1481 1.0
1144 2105 1.0
1145 1716 1.0
1146 1389 1.0
1147 1874 1.0
1147 1952 1.0
1148 1390 1.0
1148 1403 1.0
1148 1551 1.0
1148 1687 1.0
1149 1589 1.0
1150 1236 1.0
1150 1262 1.0
1150 1294 1.0
1150 1506 1.0
1150 1507 1.0
1150 1508 1.0
1150 1659 1.0
1150 1912 1.0
1150 2118 1.0
1151 1301 1.0
1151 1960 1.0
1151 2049 1.0
1152 1373 1.0
1152 2949 1.0
1153 1329 1.0
1153 1342 1.0
1153 1629 1.0
1155 1213 1.0
1156 1975 1.0
1157 1492 1.0
1158 1214 1.0
1158 1461 1.0
1158 1571 1.0
1159 1257 1.0
1159 1287 1.0
1160 1369 1.0
1160 2083 1.0
1162 1381 1.0
1162 1517 1.0
1163 1500 1.0
1164 1795 1.0
1165 1788 1.0
1165 2066 1.0
1166 1908 1.0
1167 1523 1.0
1168 1511 1.0
1168 1524 1.0
1168 1544 1.0
1168 2096 1.0
1168 2106 1.0
1169 1220 1.0
1169 1387 1.0
1170 2166 1.0
1170 2169 1.0
1172 1710 1.0
1173 1812 1.0
1173 2332 1.0
1173 2948 1.0
1173 2955 1.0
1174 1200 1.0
1174 1404 1.0
1174 1425 1.0
1174 1769 1.0
1174 1776 1.0
1175 1360 1.0
1175 1385 1.0
1175 2173 1.0
1175 2174 1.0
1176 1896 1.0
1176 1897 1.0
1177 1374 1.0
1178 1870 1.0
1178 1871 1.0
1178 1944 1.0
1179 1407 1.0
1179 1996 1.0
1179 1997 1.0
1180 1196 1.0
1181 1637 1.0
1181 1638 1.0
1182 1541 1.0
1183 1202 1.0
1183 1836 1.0
1183 1837 1.0
1183 1841 1.0
1184 1464 1.0
1185 1530 1.0
1185 1945 1.0
1186 1648 1.0
1186 1806 1.0
1188 1619 1.0
1188 1918 1.0
1189 1583 1.0
1189 1657 1.0
1190 1613 1.0
1191 1230 1.0
1191 1727 1.0
1192 1730 1.0
1193 1548 1.0
1193 1857 1.0
1193 2112 1.0
1194 1680 1.0
1194 1731 1.0
1194 2135 1.0
1197 1587 1.0
1198 1678 1.0
1198 2278 1.0
1198 2494 1.0
1199 1220 1.0
1201 2060 1.0
1202 1841 1.0
1203 1432 1.0
1203 1964 1.0
1203 2148 1.0
1203 2151 1.0
1204 1208 1.0
1205 1848 1.0
1206 1210 1.0
1206 1256 1.0
1206 1604 1.0
1206 1606 1.0
1206 1818 1.0
1207 1352 1.0
1207 1539 1.0
1209 1748 1.0
1210 1818 1.0
1211 2137 1.0
1212 1850 1.0
1212 1937 1.0
1214 1708 1.0
1214 1994 1.0
1214 2004 1.0
1214 2006 1.0
1215 1542 1.0
1216 1413 1.0
1216 1421 1.0
1216 1519 1.0
1216 1675 1.0
1216 1848 1.0
1217 1772 1.0
1218 1460 1.0
1219 1236 1.0
1220 1387 1.0
1221 1900 1.0
1222 1540 1.0
1222 1803 1.0
1222 1807 1.0
1222 2044 1.0
1223 1711 1.0
1223 1712 1.0
1223 1713 1.0
1223 1964 1.0
1223 2099 1.0
1224 1626 1.0
1224 1706 1.0
1224 2009 1.0
1225 1411 1.0
1226 1322 1.0
1226 1568 1.0
1226 1821 1.0
1227 2792 1.0
1228 1456 1.0
1229 1707 1.0
1230 1514 1.0
1230 1811 1.0
1230 2097 1.0
1231 1416 1.0
1231 2157 1.0
1232 1456 1.0
1232 1457 1.0
1233 1520 1.0
1234 1416 1.0
1235 1456 1.0
1235 1550 1.0
1235 1588 1.0
1235 1749 1.0
1235 2025 1.0
1236 1242 1.0
1236 1396 1.0
1236 1500 1.0
1236 1687 1.0
1236 1860 1.0
1236 1891 1.0
1236 2024 1.0
1237 1653 1.0
1238 2031 1.0
1239 1788 1.0
1240 1413 1.0
1240 1675 1.0
1241 1514 1.0
1241 1989 1.0
1241 2795 1.0
1242 1860 1.0
1242 2118 1.0
1243 1461 1.0
1243 1505 1.0
1243 1648 1.0
1243 1706 1.0
1244 1941 1.0
1244 2128 1.0
1245 2076 1.0
1246 1866 1.0
1247 1330 1.0
1248 1538 1.0
1248 1911 1.0
1249 1416 1.0
1252 2049 1.0
1253 1636 1.0
1253 1890 1.0
1254 1524 1.0
1254 1721 1.0
1254 1787 1.0
1254 2043 1.0
1255 2139 1.0
1255 2206 1.0
1256 1818 1.0
1257 1852 1.0
1257 1880 1.0
1258 1706 1.0
1258 2006 1.0
1259 1820 1.0
1260 1693 1.0
1261 1750 1.0
1262 1509 1.0
1262 1646 1.0
1263 1612 1.0
1264 1284 1.0
1265 1878 1.0
1266 1540 1.0
1266 1861 1.0
1267 1724 1.0
1268 1381 1.0
1268 1517 1.0
1268 2120 1.0
1269 1745 1.0
1270 1820 1.0
1271 1865 1.0
1272 1383 1.0
1272 1649 1.0
1273 1339 1.0
1273 1454 1.0
1273 1668 1.0
1273 1714 1.0
1273 2053 1.0
1274 1892 1.0
1275 1622 1.0
1275 1924 1.0
1276 1918 1.0
1276 2098 1.0
1277 2043 1.0
1278 2020 1.0
1279 1976 1.0
1280 1574 1.0
1281 1678 1.0
1281 1850 1.0
1281 1998 1.0
1281 1999 1.0
1282 1740 1.0
1282 1766 1.0
1283 2042 1.0
1284 1416 1.0
1284 1642 1.0
1285 1423 1.0
1285 1503 1.0
1285 1704 1.0
1285 1980 1.0
1285 2050 1.0
1286 1532 1.0
1286 1902 1.0
1286 2657 1.0
1287 1451 1.0
1287 1573 1.0
1288 1780 1.0
1288 1787 1.0
1289 1636 1.0
1289 2034 1.0
1290 1349 1.0
1291 1344 1.0
1292 1854 1.0
1292 1953 1.0
1293 1930 1.0
1294 1506 1.0
1295 1852 1.0
1295 2018 1.0
1296 1892 1.0
1297 1725 1.0
1298 1465 1.0
1298 1770 1.0
1298 1918 1.0
1299 2121 1.0
1300 2080 1.0
1302 1532 1.0
1302 1902 1.0
1302 2657 1.0
1303 1519 1.0
1304 1473 1.0
1305 2081 1.0
1306 1418 1.0
1307 2036 1.0
1307 2037 1.0
1308 1918 1.0
1308 2049 1.0
1310 1483 1.0
1310 1610 1.0
1310 2116 1.0
1311 1990 1.0
1312 1493 1.0
1312 2593 1.0
1313 1395 1.0
1314 1406 1.0
1314 1583 1.0
1314 1584 1.0
1314 1657 1.0
1314 1731 1.0
1314 1735 1.0
1314 1736 1.0
1314 1737 1.0
1315 1625 1.0
1315 1810 1.0
1316 1406 1.0
1318 1637 1.0
1319 1522 1.0
1320 1646 1.0
1321 1562 1.0
1321 1646 1.0
1323 1522 1.0
1324 1683 1.0
1325 1683 1.0
1325 1839 1.0
1326 1543 1.0
1326 1662 1.0
1326 1667 1.0
1326 1796 1.0
1327 1977 1.0
1328 2083 1.0
1329 1438 1.0
1329 1516 1.0
1331 1517 1.0
1332 1338 1.0
1332 2005 1.0
1332 2050 1.0
1332 2112 1.0
1333 2080 1.0
1334 1699 1.0
1334 1804 1.0
1335 1517 1.0
1336 1586 1.0
1336 1831 1.0
1336 1863 1.0
1337 1870 1.0
1339 1560 1.0
1340 1852 1.0
1341 2008 1.0
1341 2056 1.0
1342 1438 1.0
1342 1516 1.0
1343 1412 1.0
1343 1881 1.0
1344 1382 1.0
1344 1889 1.0
1344 1926 1.0
1345 2068 1.0
1346 1484 1.0
1347 1500 1.0
1348 1353 1.0
1348 1965 1.0
1349 2031 1.0
1349 2124 1.0
1350 1985 1.0
1351 1893 1.0
1352 1449 1.0
1352 1539 1.0
1353 1965 1.0
1354 2856 1.0
1355 1368 1.0
1355 1414 1.0
1356 1638 1.0
1356 2061 1.0
1356 2083 1.0
1357 1976 1.0
1357 2774 1.0
1358 1386 1.0
1359 1406 1.0
1359 1583 1.0
1359 1657 1.0
1359 1731 1.0
1359 1735 1.0
1359 1736 1.0
1359 1737 1.0
1360 1905 1.0
1361 1446 1.0
1362 1661 1.0
1363 1759 1.0
1363 1946 1.0
1364 1406 1.0
1364 1731 1.0
1366 1727 1.0
1366 2043 1.0
1367 1406 1.0
1368 1414 1.0
1368 1415 1.0
1368 1476 1.0
1369 2083 1.0
1370 1406 1.0
1371 2140 1.0
1372 1904 1.0
1372 2088 1.0
1374 1410 1.0
1374 1460 1.0
1374 1726 1.0
1374 1979 1.0
1374 2035 1.0
1374 2149 1.0
1375 1637 1.0
1375 1638 1.0
1376 1802 1.0
1377 1446 1.0
1378 1380 1.0
1378 1680 1.0
1378 1744 1.0
1379 1462 1.0
1379 1504 1.0
1379 1605 1.0
1380 1406 1.0
1380 1591 1.0
1381 2079 1.0
1382 1889 1.0
1383 1649 1.0
1383 1650 1.0
1383 1956 1.0
1384 1386 1.0
1385 2174 1.0
1386 1566 1.0
1386 1757 1.0
1386 1758 1.0
1388 1437 1.0
1388 1982 1.0
1388 1983 1.0
1390 1672 1.0
1390 1688 1.0
1391 1582 1.0
1392 1608 1.0
1393 1896 1.0
1394 1537 1.0
1394 2136 1.0
1397 2093 1.0
1397 3008 1.0
1398 1970 1.0
1398 1971 1.0
1398 2019 1.0
1399 1970 1.0
1400 1970 1.0
1400 1971 1.0
1400 2019 1.0
1402 2022 1.0
1404 1776 1.0
1404 1924 1.0
1405 1445 1.0
1406 1584 1.0
1406 1658 1.0
1406 1715 1.0
1406 1731 1.0
1406 1732 1.0
1406 1733 1.0
1406 1736 1.0
1406 1737 1.0
1406 1822 1.0
1406 1923 1.0
1406 1941 1.0
1406 2070 1.0
1406 2135 1.0
1407 1681 1.0
1408 1715 1.0
1409 1512 1.0
1409 1681 1.0
1409 1710 1.0
1409 1745 1.0
1409 1957 1.0
1411 1615 1.0
1411 1679 1.0
1414 1415 1.0
1414 1476 1.0
1416 1431 1.0
1416 2157 1.0
1417 1500 1.0
1417 1725 1.0
1419 1921 1.0
1420 1770 1.0
1420 2260 1.0
1420 2699 1.0
1420 3107 1.0
1421 1765 1.0
1421 1933 1.0
1422 1542 1.0
1422 1655 1.0
1422 1916 1.0
1422 2006 1.0
1423 1542 1.0
1423 1845 1.0
1423 1980 1.0
1423 2050 1.0
1424 1628 1.0
1426 2119 1.0
1427 1545 1.0
1427 1725 1.0
1428 1429 1.0
1430 1862 1.0
1431 2193 1.0
1432 2151 1.0
1433 2151 1.0
1434 1436 1.0
1435 1436 1.0
1435 2008 1.0
1437 1982 1.0
1439 1440 1.0
1439 1444 1.0
1439 1478 1.0
1439 1891 1.0
1440 1444 1.0
1440 1478 1.0
1443 1534 1.0
1443 1535 1.0
1445 2024 1.0
1446 1447 1.0
1446 1448 1.0
1448 1602 1.0
1449 1978 1.0
1450 2119 1.0
1452 1618 1.0
1452 2002 1.0
1453 1470 1.0
1455 2072 1.0
1456 1588 1.0
1457 1550 1.0
1458 1850 1.0
1460 1464 1.0
1460 1761 1.0
1460 1781 1.0
1460 1979 1.0
1461 1648 1.0
1461 2004 1.0
1461 2005 1.0
1463 1590 1.0
1463 2052 1.0
1464 1761 1.0
1465 1878 1.0
1466 2045 1.0
1467 1468 1.0
1469 1678 1.0
1469 2278 1.0
1469 2494 1.0
1470 1704 1.0
1470 1705 1.0
1470 1944 1.0
1470 1954 1.0
1470 1955 1.0
1470 1980 1.0
1470 2002 1.0
1471 1783 1.0
1472 1473 1.0
1472 1585 1.0
1473 1569 1.0
1473 1570 1.0
1474 1921 1.0
1474 2065 1.0
1475 1679 1.0
1475 2036 1.0
1476 1791 1.0
1477 1909 1.0
1478 1690 1.0
1478 2206 1.0
1479 1480 1.0
1479 1661 1.0
1479 2012 1.0
1481 2139 1.0
1482 1674 1.0
1483 2116 1.0
1486 1759 1.0
1487 1794 1.0
1487 1930 1.0
1487 2003 1.0
1488 1645 1.0
1488 1872 1.0
1489 1863 1.0
1490 1709 1.0
1490 2052 1.0
1493 1738 1.0
1494 1577 1.0
1494 2125 1.0
1495 1733 1.0
1496 1746 1.0
1498 2139 1.0
1499 1500 1.0
1500 2024 1.0
1501 1502 1.0
1502 1877 1.0
1504 1932 1.0
1508 1687 1.0
1509 1639 1.0
1510 1700 1.0
1511 1707 1.0
1511 2134 1.0
1512 1710 1.0
1512 1824 1.0
1513 1710 1.0
1514 1727 1.0
1514 1979 1.0
1514 1989 1.0
1515 1748 1.0
1516 2470 1.0
1517 2079 1.0
1518 1519 1.0
1518 2282 1.0
1521 3255 1.0
1523 1779 1.0
1523 1826 1.0
1524 1581 1.0
1524 1934 1.0
1524 2041 1.0
1525 1661 1.0
1526 1761 1.0
1529 2169 1.0
1529 2654 1.0
1529 3021 1.0
1529 3305 1.0
1530 1578 1.0
1530 2008 1.0
1531 1801 1.0
1531 2658 1.0
1532 2658 1.0
1533 1687 1.0
1536 2119 1.0
1540 1541 1.0
1540 1799 1.0
1542 1980 1.0
1542 2050 1.0
1543 2293 1.0
1543 2460 1.0
1545 1725 1.0
1546 1547 1.0
1546 1763 1.0
1548 1966 1.0
1549 2210 1.0
1552 1864 1.0
1553 1554 1.0
1554 1831 1.0
1555 1556 1.0
1556 1647 1.0
1557 1558 1.0
1559 1686 1.0
1560 1668 1.0
1560 1818 1.0
1561 1759 1.0
1563 1564 1.0
1564 1565 1.0
1567 1935 1.0
1569 1601 1.0
1571 2004 1.0
1571 2006 1.0
1572 1916 1.0
1575 1877 1.0
1576 1782 1.0
1576 1935 1.0
1579 2105 1.0
1580 2043 1.0
1580 2873 1.0
1582 1853 1.0
1582 2078 1.0
1583 1657 1.0
1583 1731 1.0
1583 1736 1.0
1584 1657 1.0
1584 1731 1.0
1584 1985 1.0
1585 1629 1.0
1586 1587 1.0
1589 1590 1.0
1590 2052 1.0
1592 1593 1.0
1592 1594 1.0
1593 1594 1.0
1593 1692 1.0
1595 1596 1.0
1597 1598 1.0
1599 1600 1.0
1599 1613 1.0
1599 1685 1.0
1599 1950 1.0
1599 2074 1.0
1602 1829 1.0
1603 1878 1.0
1604 1606 1.0
1607 1896 1.0
1609 1842 1.0
1609 1972 1.0
1611 2155 1.0
1612 1706 1.0
1614 1615 1.0
1614 1773 1.0
1616 1875 1.0
1617 1705 1.0
1617 1820 1.0
1620 2138 1.0
1621 2137 1.0
1623 1817 1.0
1626 1772 1.0
1626 2009 1.0
1627 1729 1.0
1628 1752 1.0
1628 1753 1.0
1628 1949 1.0
1630 1747 1.0
1632 1801 1.0
1632 2168 1.0
1633 1801 1.0
1633 1851 1.0
1634 1828 1.0
1634 1893 1.0
1634 2139 1.0
1634 2165 1.0
1634 2244 1.0
1634 2257 1.0
1635 1753 1.0
1636 1682 1.0
1637 1638 1.0
1637 1977 1.0
1637 2026 1.0
1637 2083 1.0
1638 2013 1.0
1639 1673 1.0
1640 1810 1.0
1641 1754 1.0
1643 1972 1.0
1644 1719 1.0
1646 1883 1.0
1646 1885 1.0
1648 2050 1.0
1649 1650 1.0
1651 1823 1.0
1651 3262 1.0
1652 1868 1.0
1654 1787 1.0
1656 1833 1.0
1657 1731 1.0
1657 1732 1.0
1657 1735 1.0
1657 1736 1.0
1657 1737 1.0
1658 1731 1.0
1660 1661 1.0
1663 1873 1.0
1663 1920 1.0
1664 1921 1.0
1664 1991 1.0
1667 2328 1.0
1667 2460 1.0
1667 3028 1.0
1667 3153 1.0
1668 1860 1.0
1669 1820 1.0
1670 1671 1.0
1673 1958 1.0
1673 1959 1.0
1675 1933 1.0
1677 1724 1.0
1678 1999 1.0
1678 2073 1.0
1680 1731 1.0
1680 2135 1.0
1683 1684 1.0
1684 1878 1.0
1689 1830 1.0
1689 1908 1.0
1689 2176 1.0
1690 1695 1.0
1690 1814 1.0
1690 1891 1.0
1690 2206 1.0
1691 1815 1.0
1691 1992 1.0
1691 1993 1.0
1693 1844 1.0
1694 1810 1.0
1695 1828 1.0
1696 1697 1.0
1698 1929 1.0
1698 3123 1.0
1699 1804 1.0
1701 2057 1.0
1702 1703 1.0
1703 2049 1.0
1704 1705 1.0
1704 2080 1.0
1705 1916 1.0
1705 2080 1.0
1707 2210 1.0
1707 2275 1.0
1708 2753 1.0
1709 2072 1.0
1714 2686 1.0
1716 1717 1.0
1717 1729 1.0
1717 1887 1.0
1720 1747 1.0
1721 1919 1.0
1722 2068 1.0
1723 2105 1.0
1723 2206 1.0
1725 1967 1.0
1725 2024 1.0
1727 1797 1.0
1727 1811 1.0
1727 1816 1.0
1727 2097 1.0
1728 1729 1.0
1731 1732 1.0
1731 1735 1.0
1731 1736 1.0
1731 1737 1.0
1731 1985 1.0
1732 1985 1.0
1733 1744 1.0
1734 1985 1.0
1735 1736 1.0
1735 1737 1.0
1736 1737 1.0
1738 1842 1.0
1738 1843 1.0
1739 1918 1.0
1740 1741 1.0
1740 1766 1.0
1743 1874 1.0
1743 2394 1.0
1747 1984 1.0
1747 1986 1.0
1747 2136 1.0
1751 2106 1.0
1752 1949 1.0
1753 1949 1.0
1755 1835 1.0
1755 1836 1.0
1755 1837 1.0
1756 1784 1.0
1756 1785 1.0
1759 1946 1.0
1759 1947 1.0
1759 2014 1.0
1760 1854 1.0
1760 1953 1.0
1762 1911 1.0
1764 1811 1.0
1767 1768 1.0
1770 1771 1.0
1770 2123 1.0
1771 2123 1.0
1772 2009 1.0
1772 2092 1.0
1774 1781 1.0
1775 1776 1.0
1776 2034 1.0
1777 1793 1.0
1777 2048 1.0
1780 1787 1.0
1782 1935 1.0
1784 1786 1.0
1784 1927 1.0
1784 1928 1.0
1784 2022 1.0
1785 1927 1.0
1785 1928 1.0
1787 1789 1.0
1788 2066 1.0
1789 2363 1.0
1790 1847 1.0
1790 1915 1.0
1790 1927 1.0
1790 1928 1.0
1790 2022 1.0
1792 1794 1.0
1793 1794 1.0
1798 2108 1.0
1799 1807 1.0
1799 2044 1.0
1800 2153 1.0
1801 1851 1.0
1801 2024 1.0
1801 2168 1.0
1805 1806 1.0
1805 2145 1.0
1807 2847 1.0
1809 1974 1.0
1811 1900 1.0
1811 1918 1.0
1812 1813 1.0
1812 2152 1.0
1813 2263 1.0
1813 2955 1.0
1813 2957 1.0
1814 2206 1.0
1815 1992 1.0
1819 1994 1.0
1819 2048 1.0
1823 3262 1.0
1825 1948 1.0
1827 2072 1.0
1828 2139 1.0
1829 3037 1.0
1832 1833 1.0
1833 2154 1.0
1834 1837 1.0
1834 1838 1.0
1835 1836 1.0
1836 1838 1.0
1837 1838 1.0
1845 2000 1.0
1845 2049 1.0
1846 2048 1.0
1846 2049 1.0
1848 1849 1.0
1849 3124 1.0
1850 1937 1.0
1850 1951 1.0
1850 1998 1.0
1850 1999 1.0
1851 2168 1.0
1851 2995 1.0
1851 3009 1.0
1853 1918 1.0
1855 1920 1.0
1856 1868 1.0
1857 1858 1.0
1857 1859 1.0
1857 1966 1.0
1858 3013 1.0
1858 3274 1.0
1859 3274 1.0
1866 1867 1.0
1866 2167 1.0
1867 2696 1.0
1869 1873 1.0
1870 1944 1.0
1870 1945 1.0
1873 1919 1.0
1875 1988 1.0
1876 2081 1.0
1878 2072 1.0
1879 2012 1.0
1882 2101 1.0
1883 1885 1.0
1884 1885 1.0
1886 1944 1.0
1887 1888 1.0
1889 2916 1.0
1893 1894 1.0
1895 1991 1.0
1896 2051 1.0
1897 2969 1.0
1898 1899 1.0
1903 1965 1.0
1903 2032 1.0
1903 2033 1.0
1903 2210 1.0
1906 2048 1.0
1906 2826 1.0
1906 3123 1.0
1908 2176 1.0
1910 1911 1.0
1911 1924 1.0
1913 2143 1.0
1917 1918 1.0
1918 1940 1.0
1918 2023 1.0
1918 2094 1.0
1918 2095 1.0
1918 2114 1.0
1918 2148 1.0
1918 2151 1.0
1918 2159 1.0
1918 2175 1.0
1919 1920 1.0
1921 1991 1.0
1921 2064 1.0
1921 2149 1.0
1921 2161 1.0
1925 2075 1.0
1926 2080 1.0
1927 1928 1.0
1927 2022 1.0
1928 2022 1.0
1929 2078 1.0
1931 2420 1.0
1935 1936 1.0
1944 1945 1.0
1948 1949 1.0
1954 2002 1.0
1954 2080 1.0
1955 2002 1.0
1958 1959 1.0
1964 1972 1.0
1964 2049 1.0
1964 2121 1.0
1966 2112 1.0
1968 1972 1.0
1968 2160 1.0
1970 1971 1.0
1972 2160 1.0
1973 1975 1.0
1974 1977 1.0
1976 1999 1.0
1977 2026 1.0
1978 1979 1.0
1979 2149 1.0
1980 2032 1.0
1980 2033 1.0
1980 2050 1.0
1980 2112 1.0
1981 2034 1.0
1987 1988 1.0
1989 2149 1.0
1995 1997 1.0
1996 1997 1.0
2001 2049 1.0
2002 2003 1.0
2005 2006 1.0
2005 2110 1.0
2006 2050 1.0
2006 2109 1.0
2006 2110 1.0
2006 2112 1.0
2010 2011 1.0
2010 2012 1.0
2011 2012 1.0
2014 2015 1.0
2016 2017 1.0
2021 2079 1.0
2024 2118 1.0
2025 2052 1.0
2028 2040 1.0
2029 2040 1.0
2030 2090 1.0
2032 2033 1.0
2032 2049 1.0
2032 2050 1.0
2033 2049 1.0
2033 2050 1.0
2037 3228 1.0
2038 2039 1.0
2044 2274 1.0
2044 2664 1.0
2046 2047 1.0
2048 2049 1.0
2049 2050 1.0
2049 2075 1.0
2049 2175 1.0
2050 2112 1.0
2052 2072 1.0
2054 2055 1.0
2054 2072 1.0
2054 2145 1.0
2055 2056 1.0
2062 2126 1.0
2064 2065 1.0
2064 2091 1.0
2068 2069 1.0
2071 2098 1.0
2077 2175 1.0
2081 2161 1.0
2082 2083 1.0
2084 2104 1.0
2085 2087 1.0
2086 2087 1.0
2087 2089 1.0
2100 2102 1.0
2101 2102 1.0
2105 3044 1.0
2107 2108 1.0
2109 2110 1.0
2110 2112 1.0
2111 2112 1.0
2122 2175 1.0
2126 2127 1.0
2129 2130 1.0
2129 2131 1.0
2135 2141 1.0
2137 2147 1.0
2142 2143 1.0
2142 2144 1.0
2146 2162 1.0
2148 2150 1.0
2159 2175 1.0
2163 2164 1.0
2166 2169 1.0
2166 2654 1.0
2166 3021 1.0
2166 3305 1.0
2171 2172 1.0
2173 2174 1.0
2177 2903 1.0
2178 2590 1.0
2178 2736 1.0
2179 2200 1.0
2180 2935 1.0
2181 2865 1.0
2182 2512 1.0
2183 2677 1.0
2183 3156 1.0
2184 2306 1.0
2184 2356 1.0
2185 2539 1.0
2186 3139 1.0
2187 2666 1.0
2188 3300 1.0
2189 2303 1.0
2189 2634 1.0
2190 3145 1.0
2191 2499 1.0
2191 2546 1.0
2192 2488 1.0
2193 2236 1.0
2194 2656 1.0
2195 2209 1.0
2196 3279 1.0
2197 2504 1.0
2198 2281 1.0
2199 2593 1.0
2199 3025 1.0
2202 2460 1.0
2202 3162 1.0
2203 2911 1.0
2204 2265 1.0
2204 2762 1.0
2205 2899 1.0
2205 2900 1.0
2206 2675 1.0
2206 2738 1.0
2206 2765 1.0
2206 2970 1.0
2206 3099 1.0
2207 2632 1.0
2207 2855 1.0
2208 3212 1.0
2210 2275 1.0
2210 3085 1.0
2211 2326 1.0
2212 2423 1.0
2212 2474 1.0
2212 2695 1.0
2212 3132 1.0
2213 2244 1.0
2213 2740 1.0
2213 3258 1.0
2214 2845 1.0
2214 3235 1.0
2215 2508 1.0
2216 3044 1.0
2217 3037 1.0
2218 3194 1.0
2219 2391 1.0
2219 3151 1.0
2221 2513 1.0
2221 2665 1.0
2221 3115 1.0
2222 2567 1.0
2223 2264 1.0
2223 2491 1.0
2223 3171 1.0
2224 2558 1.0
2224 2779 1.0
2224 2780 1.0
2224 3022 1.0
2225 2398 1.0
2226 2341 1.0
2226 2811 1.0
2227 2844 1.0
2228 3299 1.0
2229 2597 1.0
2230 2345 1.0
2230 3269 1.0
2232 2540 1.0
2232 3033 1.0
2232 3203 1.0
2233 2698 1.0
2233 3158 1.0
2234 3051 1.0
2234 3052 1.0
2235 2992 1.0
2237 3273 1.0
2238 3016 1.0
2239 3114 1.0
2240 3190 1.0
2241 2691 1.0
2242 2665 1.0
2243 2324 1.0
2243 3074 1.0
2245 2310 1.0
2245 2390 1.0
2245 2483 1.0
2246 3034 1.0
2246 3035 1.0
2247 3188 1.0
2247 3189 1.0
2248 2746 1.0
2249 2797 1.0
2250 2904 1.0
2251 2955 1.0
2251 3173 1.0
2252 3310 1.0
2253 2299 1.0
2253 2891 1.0
2254 2519 1.0
2255 2554 1.0
2256 2871 1.0
2257 3021 1.0
2257 3207 1.0
2258 2476 1.0
2258 2737 1.0
2259 2299 1.0
2259 2427 1.0
2259 2442 1.0
2259 2744 1.0
2260 3124 1.0
2261 2306 1.0
2261 2356 1.0
2262 2412 1.0
2263 2951 1.0
2263 2959 1.0
2266 2894 1.0
2267 2776 1.0
2268 2821 1.0
2269 2375 1.0
2269 3071 1.0
2270 3051 1.0
2271 2603 1.0
2271 2652 1.0
2272 2777 1.0
2272 3007 1.0
2274 3127 1.0
2275 3085 1.0
2276 2843 1.0
2277 3029 1.0
2278 3040 1.0
2279 2750 1.0
2280 2536 1.0
2282 2646 1.0
2283 3144 1.0
2284 2302 1.0
2285 2615 1.0
2285 2616 1.0
2286 2832 1.0
2287 3215 1.0
2288 2311 1.0
2289 2794 1.0
2290 3048 1.0
2291 2830 1.0
2292 2969 1.0
2293 2774 1.0
2294 3193 1.0
2295 2832 1.0
2295 3161 1.0
2296 2763 1.0
2297 3254 1.0
2298 3023 1.0
2300 2892 1.0
2301 2917 1.0
2302 2506 1.0
2304 3030 1.0
2305 2905 1.0
2306 2356 1.0
2307 2831 1.0
2308 2934 1.0
2308 3270 1.0
2309 2538 1.0
2310 3125 1.0
2312 3148 1.0
2312 3149 1.0
2313 3157 1.0
2314 3282 1.0
2315 2768 1.0
2316 2406 1.0
2317 2457 1.0
2318 3291 1.0
2319 2561 1.0
2319 2877 1.0
2319 2878 1.0
2320 2401 1.0
2320 2638 1.0
2321 2630 1.0
2322 2605 1.0
2322 3203 1.0
2323 2832 1.0
2324 3074 1.0
2324 3175 1.0
2325 2594 1.0
2325 2595 1.0
2327 3221 1.0
2328 3153 1.0
2330 3280 1.0
2331 2996 1.0
2332 2955 1.0
2333 2500 1.0
2334 3167 1.0
2334 3290 1.0
2335 3200 1.0
2335 3247 1.0
2336 3119 1.0
2337 2731 1.0
2337 3124 1.0
2338 3059 1.0
2339 2596 1.0
2340 2400 1.0
2340 3164 1.0
2342 2528 1.0
2343 3176 1.0
2344 2456 1.0
2344 2624 1.0
2346 3227 1.0
2347 2860 1.0
2348 2548 1.0
2349 2733 1.0
2349 3195 1.0
2350 2793 1.0
2350 2907 1.0
2351 3013 1.0
2351 3274 1.0
2352 2479 1.0
2353 2565 1.0
2354 2357 1.0
2354 2808 1.0
2355 2945 1.0
2358 2836 1.0
2359 2564 1.0
2360 2839 1.0
2361 2556 1.0
2361 3255 1.0
2362 2898 1.0
2363 2927 1.0
2364 2418 1.0
2365 3285 1.0
2366 3189 1.0
2367 2517 1.0
2369 3070 1.0
2370 2835 1.0
2371 2422 1.0
2371 3140 1.0
2373 2693 1.0
2374 2420 1.0
2375 3213 1.0
2375 3214 1.0
2375 3216 1.0
2376 2965 1.0
2377 2502 1.0
2378 2682 1.0
2378 2683 1.0
2378 2684 1.0
2379 3286 1.0
2380 2628 1.0
2381 3186 1.0
2383 2816 1.0
2384 2872 1.0
2385 2686 1.0
2386 2786 1.0
2387 2753 1.0
2389 2941 1.0
2390 3125 1.0
2391 2489 1.0
2392 2781 1.0
2393 3209 1.0
2394 2397 1.0
2395 3181 1.0
2399 2976 1.0
2399 3303 1.0
2402 2553 1.0
2402 2784 1.0
2402 2785 1.0
2402 3031 1.0
2403 3172 1.0
2404 2960 1.0
2405 2553 1.0
2405 2785 1.0
2407 2579 1.0
2408 2738 1.0
2409 2688 1.0
2410 3275 1.0
2411 2741 1.0
2413 3133 1.0
2414 3257 1.0
2415 3041 1.0
2416 2629 1.0
2417 2971 1.0
2418 2753 1.0
2418 3012 1.0
2419 2930 1.0
2419 3043 1.0
2420 2437 1.0
2421 2883 1.0
2424 2887 1.0
2425 2440 1.0
2426 2756 1.0
2428 3106 1.0
2428 3178 1.0
2429 3155 1.0
2431 2523 1.0
2432 2784 1.0
2432 3031 1.0
2433 3218 1.0
2434 2767 1.0
2435 3240 1.0
2437 3165 1.0
2437 3286 1.0
2438 2465 1.0
2438 2711 1.0
2438 2813 1.0
2438 3244 1.0
2439 2671 1.0
2441 2699 1.0
2441 3107 1.0
2443 3240 1.0
2444 3167 1.0
2444 3168 1.0
2444 3290 1.0
2445 2706 1.0
2446 2525 1.0
2447 2657 1.0
2447 2658 1.0
2448 2563 1.0
2449 3075 1.0
2450 3276 1.0
2451 2910 1.0
2452 2981 1.0
2453 2912 1.0
2454 2983 1.0
2454 2984 1.0
2454 2985 1.0
2455 2850 1.0
2455 2851 1.0
2456 2552 1.0
2456 2624 1.0
2456 3228 1.0
2458 2829 1.0
2459 3154 1.0
2460 3028 1.0
2460 3153 1.0
2460 3162 1.0
2461 2790 1.0
2462 2908 1.0
2463 2669 1.0
2464 2858 1.0
2465 2711 1.0
2465 2813 1.0
2466 2868 1.0
2467 2470 1.0
2468 3202 1.0
2468 3204 1.0
2469 2540 1.0
2471 2930 1.0
2472 2817 1.0
2473 2534 1.0
2475 2715 1.0
2476 2590 1.0
2476 2736 1.0
2477 3032 1.0
2477 3259 1.0
2478 2552 1.0
2480 3236 1.0
2481 2631 1.0
2482 2943 1.0
2483 3125 1.0
2484 2906 1.0
2485 3125 1.0
2486 2583 1.0
2487 3185 1.0
2490 2578 1.0
2492 2931 1.0
2493 2854 1.0
2494 3040 1.0
2495 3294 1.0
2497 2931 1.0
2498 2695 1.0
2501 2861 1.0
2501 3036 1.0
2501 3180 1.0
2503 2955 1.0
2505 2694 1.0
2507 3074 1.0
2509 2638 1.0
2509 2649 1.0
2509 3301 1.0
2510 3051 1.0
2510 3052 1.0
2511 3206 1.0
2514 2599 1.0
2515 3133 1.0
2516 3108 1.0
2517 3108 1.0
2518 2846 1.0
2520 3024 1.0
2521 2557 1.0
2522 3223 1.0
2524 2804 1.0
2525 2810 1.0
2526 2732 1.0
2527 3002 1.0
2529 2530 1.0
2531 2533 1.0
2531 2711 1.0
2531 3020 1.0
2532 2711 1.0
2532 3020 1.0
2533 3020 1.0
2534 2535 1.0
2534 2609 1.0
2534 3125 1.0
2539 2812 1.0
2539 3042 1.0
2540 3033 1.0
2540 3202 1.0
2541 2542 1.0
2541 2902 1.0
2541 2944 1.0
2543 2996 1.0
2544 2996 1.0
2545 3274 1.0
2547 2893 1.0
2548 2598 1.0
2549 2981 1.0
2549 3138 1.0
2550 3004 1.0
2550 3005 1.0
2553 2784 1.0
2553 2785 1.0
2555 3110 1.0
2556 3255 1.0
2557 2726 1.0
2558 2780 1.0
2558 3022 1.0
2559 3120 1.0
2560 2581 1.0
2561 2877 1.0
2561 2878 1.0
2562 2563 1.0
2566 2567 1.0
2568 2757 1.0
2569 2729 1.0
2570 2571 1.0
2572 3192 1.0
2573 2965 1.0
2574 2651 1.0
2574 3217 1.0
2575 3163 1.0
2576 2916 1.0
2577 2633 1.0
2578 2696 1.0
2579 2580 1.0
2580 2770 1.0
2582 2662 1.0
2584 2585 1.0
2584 2586 1.0
2584 2672 1.0
2585 2586 1.0
2588 2745 1.0
2591 2697 1.0
2591 2698 1.0
2592 3296 1.0
2593 3166 1.0
2593 3187 1.0
2594 2595 1.0
2599 2979 1.0
2599 3093 1.0
2600 3109 1.0
2601 2642 1.0
2602 2603 1.0
2602 2704 1.0
2603 2809 1.0
2604 2766 1.0
2605 2613 1.0
2606 2607 1.0
2607 2608 1.0
2610 2759 1.0
2610 2823 1.0
2611 2612 1.0
2614 2616 1.0
2614 2617 1.0
2614 2619 1.0
2615 2616 1.0
2616 2617 1.0
2616 2618 1.0
2617 2618 1.0
2618 2619 1.0
2620 2621 1.0
2622 2859 1.0
2623 2792 1.0
2624 3228 1.0
2624 3293 1.0
2625 2626 1.0
2627 3018 1.0
2629 2721 1.0
2629 3262 1.0
2635 2636 1.0
2637 3064 1.0
2638 2919 1.0
2639 2640 1.0
2641 3043 1.0
2641 3117 1.0
2643 2645 1.0
2644 2645 1.0
2646 3124 1.0
2647 2702 1.0
2647 3085 1.0
2650 2660 1.0
2651 2994 1.0
2653 2713 1.0
2653 3256 1.0
2654 3305 1.0
2655 2690 1.0
2657 2658 1.0
2659 2937 1.0
2663 2664 1.0
2665 2745 1.0
2665 3080 1.0
2667 2711 1.0
2667 3244 1.0
2668 2669 1.0
2668 2670 1.0
2669 3191 1.0
2673 3141 1.0
2675 3099 1.0
2676 2778 1.0
2681 2709 1.0
2682 2683 1.0
2682 2684 1.0
2683 2684 1.0
2685 3297 1.0
2687 2688 1.0
2687 2689 1.0
2688 2689 1.0
2692 2923 1.0
2696 3144 1.0
2699 3107 1.0
2700 3231 1.0
2701 3278 1.0
2703 3286 1.0
2705 2864 1.0
2707 2739 1.0
2707 2982 1.0
2708 2825 1.0
2710 2761 1.0
2711 2813 1.0
2711 3244 1.0
2712 3089 1.0
2714 2939 1.0
2716 2717 1.0
2718 2719 1.0
2720 3015 1.0
2721 3286 1.0
2722 2723 1.0
2724 2744 1.0
2724 2778 1.0
2727 2913 1.0
2728 3174 1.0
2730 2987 1.0
2733 2746 1.0
2733 3195 1.0
2734 2809 1.0
2735 3047 1.0
2742 2880 1.0
2743 3298 1.0
2744 2833 1.0
2744 3078 1.0
2745 3115 1.0
2746 3195 1.0
2747 2748 1.0
2749 3264 1.0
2751 2856 1.0
2752 2889 1.0
2754 2755 1.0
2756 3119 1.0
2758 3063 1.0
2760 2955 1.0
2764 3224 1.0
2765 2995 1.0
2767 3272 1.0
2769 3142 1.0
2771 3277 1.0
2772 3239 1.0
2773 2783 1.0
2775 2776 1.0
2777 3088 1.0
2780 2870 1.0
2780 3022 1.0
2784 3031 1.0
2784 3094 1.0
2787 2788 1.0
2789 2946 1.0
2790 2857 1.0
2791 3208 1.0
2794 2795 1.0
2796 2999 1.0
2798 3243 1.0
2799 3128 1.0
2800 2801 1.0
2802 3092 1.0
2805 2807 1.0
2805 3112 1.0
2805 3113 1.0
2806 2807 1.0
2809 3129 1.0
2814 2815 1.0
2818 2819 1.0
2820 2889 1.0
2822 2928 1.0
2824 2977 1.0
2826 3123 1.0
2827 2873 1.0
2828 3219 1.0
2829 2933 1.0
2832 3160 1.0
2832 3161 1.0
2832 3200 1.0
2834 2963 1.0
2837 2838 1.0
2837 2882 1.0
2839 2840 1.0
2840 3107 1.0
2841 2842 1.0
2845 3235 1.0
2847 2848 1.0
2847 2849 1.0
2852 2853 1.0
2862 2932 1.0
2863 2864 1.0
2863 3131 1.0
2864 3185 1.0
2864 3286 1.0
2866 3181 1.0
2867 2929 1.0
2867 3019 1.0
2869 2936 1.0
2869 3170 1.0
2874 2972 1.0
2874 3105 1.0
2875 2914 1.0
2876 2947 1.0
2878 3046 1.0
2878 3201 1.0
2878 3278 1.0
2879 3297 1.0
2881 3135 1.0
2883 3240 1.0
2886 2887 1.0
2886 2888 1.0
2890 2918 1.0
2894 3048 1.0
2895 2897 1.0
2896 2897 1.0
2901 3279 1.0
2909 3043 1.0
2915 2942 1.0
2921 2922 1.0
2923 2924 1.0
2926 3249 1.0
2930 2980 1.0
2934 3270 1.0
2934 3271 1.0
2937 2938 1.0
2940 3076 1.0
2948 2955 1.0
2950 2953 1.0
2950 2956 1.0
2952 2955 1.0
2953 2956 1.0
2954 2955 1.0
2955 2958 1.0
2955 3173 1.0
2957 2959 1.0
2961 3186 1.0
2964 3143 1.0
2966 2967 1.0
2968 3225 1.0
2970 3210 1.0
2972 3220 1.0
2974 3077 1.0
2975 3118 1.0
2976 3303 1.0
2980 3043 1.0
2983 2984 1.0
2983 2986 1.0
2984 2985 1.0
2985 2986 1.0
2988 2989 1.0
2993 3311 1.0
2996 2997 1.0
2996 3233 1.0
2998 3109 1.0
3000 3265 1.0
3001 3307 1.0
3005 3006 1.0
3008 3009 1.0
3010 3011 1.0
3013 3274 1.0
3014 3015 1.0
3014 3169 1.0
3015 3169 1.0
3016 3017 1.0
3026 3027 1.0
3028 3162 1.0
3033 3057 1.0
3033 3202 1.0
3034 3035 1.0
3038 3045 1.0
3039 3073 1.0
3043 3111 1.0
3043 3117 1.0
3046 3201 1.0
3049 3050 1.0
3051 3052 1.0
3051 3054 1.0
3052 3053 1.0
3055 3056 1.0
3058 3231 1.0
3060 3061 1.0
3061 3062 1.0
3065 3066 1.0
3065 3067 1.0
3066 3067 1.0
3068 3069 1.0
3071 3072 1.0
3074 3175 1.0
3079 3080 1.0
3081 3082 1.0
3081 3084 1.0
3082 3084 1.0
3083 3084 1.0
3087 3109 1.0
3090 3196 1.0
3095 3096 1.0
3095 3097 1.0
3095 3182 1.0
3096 3097 1.0
3096 3182 1.0
3098 3099 1.0
3100 3101 1.0
3101 3102 1.0
3103 3104 1.0
3103 3274 1.0
3105 3220 1.0
3116 3190 1.0
3121 3122 1.0
3130 3131 1.0
3133 3134 1.0
3136 3137 1.0
3146 3147 1.0
3146 3148 1.0
3146 3149 1.0
3146 3150 1.0
3146 3151 1.0
3146 3295 1.0
3147 3149 1.0
3147 3150 1.0
3149 3150 1.0
3156 3159 1.0
3167 3168 1.0
3167 3290 1.0
3168 3290 1.0
3172 3304 1.0
3177 3178 1.0
3183 3184 1.0
3188 3189 1.0
3198 3199 1.0
3202 3203 1.0
3205 3234 1.0
3211 3213 1.0
3212 3213 1.0
3212 3216 1.0
3222 3240 1.0
3222 3281 1.0
3226 3227 1.0
3229 3230 1.0
3232 3233 1.0
3237 3238 1.0
3241 3242 1.0
3245 3246 1.0
3248 3289 1.0
3250 3251 1.0
3252 3253 1.0
3260 3261 1.0
3260 3263 1.0
3261 3263 1.0
3266 3267 1.0
3266 3268 1.0
3283 3284 1.0
3287 3288 1.0
3302 3306 1.0
3308 3309 1.0
