0 8 1.0
0 14 1.0
0 258 1.0
0 435 1.0
0 544 1.0
1 344 1.0
2 410 1.0
2 471 1.0
2 552 1.0
2 565 1.0
3 197 1.0
3 463 1.0
3 601 1.0
4 170 1.0
5 490 1.0
5 2164 1.0
6 251 1.0
6 490 1.0
7 258 1.0
8 14 1.0
8 258 1.0
8 435 1.0
8 751 1.0
9 308 1.0
9 453 1.0
9 481 1.0
9 761 1.0
10 192 1.0
10 193 1.0
10 280 1.0
10 420 1.0
10 519 1.0
11 624 1.0
11 659 1.0
12 84 1.0
12 155 1.0
13 482 1.0
13 578 1.0
13 1234 1.0
14 31 1.0
14 232 1.0
14 242 1.0
14 258 1.0
14 268 1.0
14 384 1.0
14 393 1.0
14 400 1.0
14 435 1.0
14 437 1.0
14 443 1.0
14 544 1.0
14 613 1.0
14 708 1.0
14 736 1.0
14 746 1.0
14 751 1.0
15 80 1.0
15 129 1.0
15 152 1.0
15 234 1.0
15 253 1.0
15 254 1.0
15 322 1.0
15 399 1.0
15 538 1.0
15 701 1.0
16 466 1.0
16 552 1.0
16 566 1.0
16 1697 1.0
17 146 1.0
18 127 1.0
18 427 1.0
18 745 1.0
18 747 1.0
18 866 1.0
18 890 1.0
18 1932 1.0
19 74 1.0
19 571 1.0
20 25 1.0
20 267 1.0
20 334 1.0
20 640 1.0
20 732 1.0
21 294 1.0
21 438 1.0
21 567 1.0
21 1378 1.0
22 129 1.0
22 163 1.0
22 191 1.0
22 1790 1.0
22 2257 1.0
23 41 1.0
23 759 1.0
24 39 1.0
24 269 1.0
25 456 1.0
25 778 1.0
25 1181 1.0
25 1897 1.0
26 747 1.0
26 1129 1.0
26 2612 1.0
27 84 1.0
27 532 1.0
28 586 1.0
28 611 1.0
28 1606 1.0
28 1718 1.0
29 319 1.0
29 382 1.0
29 426 1.0
29 429 1.0
30 231 1.0
30 285 1.0
30 679 1.0
30 1148 1.0
30 2276 1.0
31 250 1.0
31 1116 1.0
32 679 1.0
33 250 1.0
33 1591 1.0
33 1701 1.0
34 35 1.0
34 66 1.0
34 559 1.0
34 565 1.0
34 566 1.0
36 257 1.0
36 745 1.0
36 1066 1.0
36 1591 1.0
36 1701 1.0
36 1933 1.0
36 1974 1.0
36 2072 1.0
36 2390 1.0
37 563 1.0
38 219 1.0
38 273 1.0
38 372 1.0
38 563 1.0
38 1689 1.0
39 82 1.0
40 761 1.0
41 94 1.0
41 115 1.0
41 352 1.0
41 533 1.0
41 725 1.0
41 888 1.0
41 889 1.0
41 892 1.0
41 1713 1.0
41 1716 1.0
41 1733 1.0
41 1982 1.0
41 2456 1.0
42 163 1.0
42 188 1.0
42 189 1.0
42 793 1.0
43 576 1.0
43 747 1.0
44 88 1.0
44 686 1.0
44 2428 1.0
45 220 1.0
45 490 1.0
45 492 1.0
45 1459 1.0
46 238 1.0
46 301 1.0
46 489 1.0
46 867 1.0
47 87 1.0
48 725 1.0
48 1783 1.0
48 2456 1.0
48 2682 1.0
49 581 1.0
49 643 1.0
50 150 1.0
50 581 1.0
50 583 1.0
50 643 1.0
51 645 1.0
51 772 1.0
51 2559 1.0
52 228 1.0
52 430 1.0
52 478 1.0
52 2487 1.0
52 2580 1.0
53 243 1.0
53 803 1.0
53 1439 1.0
53 1563 1.0
54 523 1.0
54 615 1.0
54 712 1.0
54 1687 1.0
54 2334 1.0
55 163 1.0
55 361 1.0
55 844 1.0
55 1784 1.0
55 1832 1.0
55 1905 1.0
56 778 1.0
56 967 1.0
56 1027 1.0
57 306 1.0
57 552 1.0
57 565 1.0
57 967 1.0
57 1459 1.0
58 536 1.0
58 990 1.0
58 1891 1.0
58 2495 1.0
59 570 1.0
59 576 1.0
59 839 1.0
59 872 1.0
59 874 1.0
59 1520 1.0
59 1709 1.0
60 252 1.0
60 552 1.0
60 562 1.0
60 565 1.0
60 688 1.0
61 240 1.0
62 324 1.0
62 332 1.0
62 423 1.0
62 945 1.0
62 2425 1.0
62 2474 1.0
62 2566 1.0
63 153 1.0
63 210 1.0
63 739 1.0
63 1546 1.0
64 284 1.0
64 289 1.0
64 486 1.0
64 583 1.0
65 743 1.0
65 744 1.0
66 69 1.0
66 149 1.0
66 183 1.0
66 215 1.0
66 288 1.0
66 1248 1.0
66 1531 1.0
66 1698 1.0
66 2122 1.0
66 2157 1.0
66 2294 1.0
66 2310 1.0
66 2359 1.0
66 2441 1.0
66 2520 1.0
67 729 1.0
68 522 1.0
68 979 1.0
68 1632 1.0
68 1825 1.0
68 1845 1.0
68 1979 1.0
68 2007 1.0
70 255 1.0
70 931 1.0
70 999 1.0
70 1521 1.0
70 1692 1.0
70 1986 1.0
71 74 1.0
71 661 1.0
71 677 1.0
71 929 1.0
71 1559 1.0
71 1641 1.0
71 1923 1.0
71 2442 1.0
72 202 1.0
72 745 1.0
72 747 1.0
72 771 1.0
73 747 1.0
74 154 1.0
74 193 1.0
74 252 1.0
74 263 1.0
74 310 1.0
74 345 1.0
74 377 1.0
74 505 1.0
74 511 1.0
74 547 1.0
74 604 1.0
74 622 1.0
74 661 1.0
74 680 1.0
74 787 1.0
74 867 1.0
74 871 1.0
74 881 1.0
74 906 1.0
74 949 1.0
74 975 1.0
74 987 1.0
74 1017 1.0
74 1024 1.0
74 1103 1.0
74 1220 1.0
74 1634 1.0
74 1676 1.0
74 1928 1.0
74 2013 1.0
74 2124 1.0
74 2266 1.0
74 2284 1.0
74 2335 1.0
74 2390 1.0
74 2421 1.0
74 2513 1.0
74 2654 1.0
75 288 1.0
75 1123 1.0
75 1354 1.0
75 1854 1.0
75 1855 1.0
75 2122 1.0
75 2299 1.0
76 131 1.0
76 181 1.0
76 250 1.0
76 345 1.0
76 392 1.0
76 518 1.0
76 661 1.0
76 694 1.0
76 869 1.0
76 975 1.0
76 1128 1.0
76 1548 1.0
76 1934 1.0
76 2327 1.0
76 2390 1.0
76 2532 1.0
77 337 1.0
78 157 1.0
78 214 1.0
78 469 1.0
78 560 1.0
78 766 1.0
78 2681 1.0
79 438 1.0
79 2207 1.0
80 2044 1.0
81 647 1.0
82 239 1.0
82 295 1.0
82 305 1.0
82 410 1.0
82 548 1.0
82 565 1.0
82 1378 1.0
82 1440 1.0
82 1553 1.0
83 294 1.0
83 747 1.0
84 155 1.0
84 347 1.0
84 715 1.0
84 950 1.0
84 998 1.0
84 1240 1.0
84 1241 1.0
84 1347 1.0
84 1550 1.0
84 1803 1.0
85 294 1.0
85 425 1.0
85 465 1.0
85 552 1.0
85 565 1.0
85 2368 1.0
86 249 1.0
86 373 1.0
86 652 1.0
86 735 1.0
87 383 1.0
87 719 1.0
87 2021 1.0
87 2245 1.0
88 116 1.0
88 208 1.0
88 225 1.0
88 251 1.0
88 371 1.0
88 587 1.0
88 682 1.0
88 760 1.0
88 762 1.0
89 430 1.0
89 635 1.0
89 638 1.0
90 680 1.0
91 745 1.0
91 747 1.0
92 136 1.0
92 479 1.0
92 552 1.0
92 565 1.0
92 1259 1.0
92 2438 1.0
93 725 1.0
93 759 1.0
94 126 1.0
95 161 1.0
95 358 1.0
95 759 1.0
95 1255 1.0
96 438 1.0
96 478 1.0
96 649 1.0
96 2061 1.0
97 439 1.0
98 615 1.0
98 1954 1.0
98 2696 1.0
99 759 1.0
99 1255 1.0
99 1613 1.0
99 1619 1.0
99 1722 1.0
99 1803 1.0
99 1852 1.0
99 2578 1.0
99 2592 1.0
99 2679 1.0
100 265 1.0
100 758 1.0
100 1611 1.0
101 331 1.0
101 1112 1.0
101 2680 1.0
101 2686 1.0
102 404 1.0
102 1824 1.0
102 1893 1.0
102 1895 1.0
102 1964 1.0
102 2012 1.0
102 2333 1.0
102 2583 1.0
103 128 1.0
103 294 1.0
103 465 1.0
103 471 1.0
103 565 1.0
104 747 1.0
104 771 1.0
105 248 1.0
105 1326 1.0
105 2434 1.0
106 597 1.0
107 108 1.0
107 250 1.0
107 498 1.0
107 898 1.0
107 1288 1.0
107 1937 1.0
108 250 1.0
108 304 1.0
108 498 1.0
108 898 1.0
108 1288 1.0
109 171 1.0
109 459 1.0
109 488 1.0
109 507 1.0
109 535 1.0
109 635 1.0
109 640 1.0
109 672 1.0
109 778 1.0
109 884 1.0
109 955 1.0
109 967 1.0
109 1074 1.0
109 1296 1.0
109 1661 1.0
109 1888 1.0
109 2053 1.0
109 2054 1.0
109 2315 1.0
110 687 1.0
110 745 1.0
110 747 1.0
111 350 1.0
112 572 1.0
112 624 1.0
112 747 1.0
112 881 1.0
113 747 1.0
114 171 1.0
115 138 1.0
115 904 1.0
115 1713 1.0
115 2153 1.0
115 2421 1.0
116 686 1.0
116 2428 1.0
117 155 1.0
117 345 1.0
117 452 1.0
117 513 1.0
118 465 1.0
118 565 1.0
118 636 1.0
119 228 1.0
119 430 1.0
119 686 1.0
120 188 1.0
120 1184 1.0
120 1959 1.0
120 2175 1.0
121 595 1.0
121 731 1.0
121 1825 1.0
121 1990 1.0
122 124 1.0
122 127 1.0
122 1093 1.0
122 2400 1.0
123 553 1.0
124 127 1.0
124 745 1.0
124 747 1.0
124 2400 1.0
125 160 1.0
125 394 1.0
125 1857 1.0
126 2208 1.0
127 745 1.0
127 747 1.0
127 2228 1.0
127 2400 1.0
128 294 1.0
128 565 1.0
129 163 1.0
129 188 1.0
129 538 1.0
129 1204 1.0
129 1409 1.0
129 1728 1.0
129 1973 1.0
129 2165 1.0
129 2193 1.0
129 2220 1.0
129 2363 1.0
129 2446 1.0
129 2451 1.0
130 459 1.0
130 640 1.0
130 672 1.0
132 346 1.0
133 394 1.0
133 608 1.0
133 611 1.0
134 505 1.0
134 1118 1.0
134 1782 1.0
134 2135 1.0
135 418 1.0
135 654 1.0
136 159 1.0
136 244 1.0
136 479 1.0
136 986 1.0
136 1102 1.0
136 1259 1.0
136 1370 1.0
136 1413 1.0
136 1479 1.0
136 1539 1.0
136 1776 1.0
136 2172 1.0
136 2231 1.0
136 2399 1.0
136 2487 1.0
136 2543 1.0
136 2580 1.0
136 2635 1.0
137 138 1.0
137 416 1.0
137 748 1.0
138 416 1.0
138 748 1.0
138 892 1.0
138 1713 1.0
138 1716 1.0
139 188 1.0
139 2361 1.0
140 323 1.0
141 163 1.0
141 188 1.0
141 1184 1.0
142 227 1.0
142 230 1.0
142 391 1.0
142 520 1.0
142 823 1.0
142 1283 1.0
142 1318 1.0
142 1547 1.0
143 180 1.0
143 201 1.0
143 337 1.0
143 346 1.0
143 363 1.0
144 188 1.0
144 444 1.0
144 2102 1.0
145 163 1.0
145 390 1.0
145 1218 1.0
145 1224 1.0
145 1530 1.0
145 1646 1.0
145 2248 1.0
145 2251 1.0
145 2280 1.0
145 2286 1.0
145 2296 1.0
145 2521 1.0
146 427 1.0
146 747 1.0
147 479 1.0
148 210 1.0
148 460 1.0
148 656 1.0
148 1649 1.0
148 1687 1.0
150 643 1.0
151 360 1.0
151 1528 1.0
151 1595 1.0
152 1383 1.0
153 294 1.0
153 747 1.0
154 392 1.0
155 513 1.0
156 236 1.0
156 314 1.0
156 431 1.0
156 521 1.0
157 181 1.0
157 214 1.0
157 371 1.0
157 393 1.0
157 560 1.0
157 716 1.0
157 740 1.0
157 766 1.0
157 897 1.0
157 916 1.0
157 979 1.0
157 1017 1.0
157 1038 1.0
157 1075 1.0
157 1289 1.0
157 1340 1.0
157 1375 1.0
157 1452 1.0
157 1550 1.0
157 1637 1.0
157 1718 1.0
157 2019 1.0
157 2021 1.0
157 2095 1.0
157 2230 1.0
157 2417 1.0
157 2540 1.0
157 2680 1.0
158 184 1.0
158 433 1.0
158 598 1.0
158 707 1.0
159 985 1.0
159 2066 1.0
159 2172 1.0
159 2543 1.0
159 2674 1.0
160 322 1.0
160 469 1.0
160 1857 1.0
160 2540 1.0
160 2681 1.0
161 684 1.0
161 713 1.0
161 759 1.0
161 996 1.0
161 1147 1.0
161 2311 1.0
162 173 1.0
162 775 1.0
163 174 1.0
163 188 1.0
163 189 1.0
163 191 1.0
163 219 1.0
163 237 1.0
163 266 1.0
163 290 1.0
163 309 1.0
163 346 1.0
163 380 1.0
163 390 1.0
163 395 1.0
163 402 1.0
163 415 1.0
163 422 1.0
163 448 1.0
163 523 1.0
163 530 1.0
163 546 1.0
163 563 1.0
163 602 1.0
163 606 1.0
163 624 1.0
163 658 1.0
163 659 1.0
163 689 1.0
163 714 1.0
163 717 1.0
163 727 1.0
163 743 1.0
163 744 1.0
163 757 1.0
163 765 1.0
163 769 1.0
163 781 1.0
163 793 1.0
163 800 1.0
163 813 1.0
163 856 1.0
163 910 1.0
163 935 1.0
163 940 1.0
163 942 1.0
163 961 1.0
163 966 1.0
163 982 1.0
163 1030 1.0
163 1060 1.0
163 1065 1.0
163 1069 1.0
163 1070 1.0
163 1098 1.0
163 1099 1.0
163 1106 1.0
163 1110 1.0
163 1113 1.0
163 1114 1.0
163 1127 1.0
163 1130 1.0
163 1136 1.0
163 1139 1.0
163 1153 1.0
163 1159 1.0
163 1178 1.0
163 1205 1.0
163 1206 1.0
163 1207 1.0
163 1218 1.0
163 1219 1.0
163 1224 1.0
163 1225 1.0
163 1253 1.0
163 1257 1.0
163 1274 1.0
163 1277 1.0
163 1286 1.0
163 1303 1.0
163 1305 1.0
163 1333 1.0
163 1334 1.0
163 1362 1.0
163 1379 1.0
163 1380 1.0
163 1404 1.0
163 1410 1.0
163 1457 1.0
163 1467 1.0
163 1498 1.0
163 1515 1.0
163 1530 1.0
163 1536 1.0
163 1544 1.0
163 1558 1.0
163 1571 1.0
163 1572 1.0
163 1573 1.0
163 1575 1.0
163 1590 1.0
163 1594 1.0
163 1611 1.0
163 1650 1.0
163 1675 1.0
163 1685 1.0
163 1689 1.0
163 1691 1.0
163 1696 1.0
163 1715 1.0
163 1717 1.0
163 1728 1.0
163 1729 1.0
163 1734 1.0
163 1775 1.0
163 1784 1.0
163 1792 1.0
163 1799 1.0
163 1807 1.0
163 1831 1.0
163 1850 1.0
163 1872 1.0
163 1890 1.0
163 1905 1.0
163 1943 1.0
163 1971 1.0
163 2039 1.0
163 2077 1.0
163 2116 1.0
163 2173 1.0
163 2175 1.0
163 2177 1.0
163 2196 1.0
163 2200 1.0
163 2202 1.0
163 2204 1.0
163 2232 1.0
163 2248 1.0
163 2251 1.0
163 2259 1.0
163 2265 1.0
163 2274 1.0
163 2280 1.0
163 2286 1.0
163 2295 1.0
163 2296 1.0
163 2298 1.0
163 2316 1.0
163 2361 1.0
163 2363 1.0
163 2396 1.0
163 2451 1.0
163 2518 1.0
163 2521 1.0
163 2554 1.0
163 2557 1.0
163 2563 1.0
163 2564 1.0
163 2600 1.0
163 2604 1.0
163 2638 1.0
163 2659 1.0
163 2667 1.0
163 2673 1.0
164 517 1.0
164 740 1.0
165 432 1.0
166 457 1.0
166 649 1.0
166 1125 1.0
167 552 1.0
167 554 1.0
167 559 1.0
167 1459 1.0
168 475 1.0
168 1728 1.0
168 1756 1.0
168 2604 1.0
169 212 1.0
169 570 1.0
170 250 1.0
172 245 1.0
172 430 1.0
172 635 1.0
173 294 1.0
173 552 1.0
173 565 1.0
173 566 1.0
173 575 1.0
173 1378 1.0
173 2485 1.0
174 501 1.0
174 503 1.0
174 2409 1.0
175 747 1.0
176 379 1.0
176 756 1.0
177 430 1.0
177 635 1.0
177 885 1.0
177 911 1.0
177 965 1.0
177 1489 1.0
177 1959 1.0
177 2192 1.0
178 286 1.0
178 378 1.0
179 331 1.0
179 608 1.0
179 611 1.0
180 350 1.0
181 518 1.0
181 662 1.0
181 766 1.0
182 468 1.0
182 491 1.0
183 454 1.0
183 539 1.0
183 541 1.0
184 428 1.0
184 432 1.0
184 433 1.0
185 324 1.0
185 332 1.0
185 389 1.0
186 294 1.0
186 566 1.0
186 588 1.0
186 747 1.0
187 462 1.0
188 189 1.0
188 262 1.0
188 380 1.0
188 415 1.0
188 523 1.0
188 717 1.0
188 721 1.0
188 755 1.0
188 757 1.0
189 395 1.0
189 2102 1.0
189 2664 1.0
190 356 1.0
190 519 1.0
190 2223 1.0
191 294 1.0
191 395 1.0
191 448 1.0
192 193 1.0
192 280 1.0
192 420 1.0
192 439 1.0
192 510 1.0
192 519 1.0
192 705 1.0
193 238 1.0
193 280 1.0
193 420 1.0
193 519 1.0
193 2549 1.0
194 673 1.0
195 196 1.0
195 707 1.0
195 735 1.0
196 216 1.0
196 707 1.0
197 295 1.0
197 633 1.0
197 749 1.0
198 655 1.0
198 747 1.0
199 591 1.0
199 640 1.0
200 536 1.0
200 1464 1.0
200 1891 1.0
201 350 1.0
201 427 1.0
201 1718 1.0
201 1990 1.0
202 204 1.0
202 427 1.0
202 747 1.0
202 771 1.0
203 359 1.0
203 747 1.0
203 2499 1.0
204 274 1.0
204 597 1.0
204 741 1.0
204 747 1.0
204 1645 1.0
204 1811 1.0
204 2410 1.0
204 2650 1.0
205 427 1.0
205 600 1.0
205 745 1.0
205 747 1.0
206 536 1.0
206 1028 1.0
206 1042 1.0
206 1488 1.0
206 1490 1.0
206 1891 1.0
207 688 1.0
207 747 1.0
207 1536 1.0
207 1676 1.0
208 430 1.0
208 635 1.0
208 1270 1.0
208 1569 1.0
208 2343 1.0
209 415 1.0
209 2334 1.0
209 2704 1.0
210 295 1.0
210 552 1.0
210 644 1.0
210 738 1.0
210 1459 1.0
211 325 1.0
211 645 1.0
211 1527 1.0
211 2076 1.0
212 570 1.0
212 576 1.0
213 490 1.0
213 492 1.0
213 734 1.0
214 469 1.0
214 587 1.0
215 478 1.0
215 696 1.0
215 2061 1.0
215 2380 1.0
216 735 1.0
217 685 1.0
217 747 1.0
217 2355 1.0
218 378 1.0
218 478 1.0
218 1290 1.0
219 402 1.0
219 563 1.0
219 712 1.0
219 757 1.0
219 846 1.0
219 1325 1.0
219 1404 1.0
219 1689 1.0
219 1738 1.0
219 2563 1.0
220 295 1.0
220 490 1.0
220 552 1.0
221 629 1.0
222 581 1.0
222 643 1.0
223 430 1.0
223 686 1.0
224 597 1.0
224 1601 1.0
224 1819 1.0
225 686 1.0
225 2428 1.0
226 617 1.0
227 296 1.0
227 378 1.0
227 438 1.0
227 478 1.0
227 638 1.0
227 823 1.0
227 1318 1.0
227 1547 1.0
227 2319 1.0
228 259 1.0
228 323 1.0
228 900 1.0
228 1692 1.0
228 2465 1.0
228 2617 1.0
229 477 1.0
229 747 1.0
230 391 1.0
230 406 1.0
230 427 1.0
230 520 1.0
230 1283 1.0
230 1284 1.0
231 285 1.0
231 486 1.0
232 268 1.0
232 613 1.0
233 595 1.0
233 1990 1.0
234 747 1.0
235 747 1.0
236 430 1.0
236 1270 1.0
236 1271 1.0
236 1617 1.0
237 329 1.0
237 1060 1.0
238 301 1.0
238 489 1.0
238 1815 1.0
239 552 1.0
239 565 1.0
239 1378 1.0
240 2308 1.0
240 2652 1.0
241 763 1.0
242 574 1.0
242 1006 1.0
243 357 1.0
243 728 1.0
244 565 1.0
244 750 1.0
245 1636 1.0
246 560 1.0
247 500 1.0
247 563 1.0
247 982 1.0
247 1117 1.0
247 1261 1.0
247 1973 1.0
247 2257 1.0
247 2446 1.0
248 398 1.0
248 419 1.0
248 1326 1.0
248 2088 1.0
249 652 1.0
249 2649 1.0
250 304 1.0
250 427 1.0
250 498 1.0
250 499 1.0
250 577 1.0
250 584 1.0
250 639 1.0
250 694 1.0
250 708 1.0
250 736 1.0
251 482 1.0
251 865 1.0
251 932 1.0
251 1505 1.0
251 1877 1.0
251 2560 1.0
252 294 1.0
252 562 1.0
252 688 1.0
253 1815 1.0
253 2670 1.0
254 1176 1.0
255 421 1.0
255 569 1.0
255 767 1.0
256 430 1.0
256 634 1.0
256 635 1.0
256 928 1.0
256 983 1.0
256 2225 1.0
256 2369 1.0
257 480 1.0
257 667 1.0
258 268 1.0
258 400 1.0
258 435 1.0
258 544 1.0
258 751 1.0
258 1031 1.0
258 1111 1.0
259 320 1.0
259 582 1.0
260 419 1.0
260 619 1.0
260 1324 1.0
260 1527 1.0
260 2069 1.0
260 2166 1.0
260 2524 1.0
260 2559 1.0
261 345 1.0
261 626 1.0
262 266 1.0
262 793 1.0
262 1980 1.0
263 668 1.0
263 2421 1.0
264 635 1.0
264 638 1.0
265 758 1.0
267 334 1.0
267 459 1.0
267 732 1.0
268 613 1.0
268 616 1.0
268 2046 1.0
268 2571 1.0
270 276 1.0
270 339 1.0
270 342 1.0
270 467 1.0
270 495 1.0
270 573 1.0
271 718 1.0
271 2056 1.0
272 516 1.0
272 914 1.0
272 1551 1.0
273 372 1.0
274 478 1.0
274 566 1.0
275 464 1.0
276 342 1.0
276 467 1.0
276 1993 1.0
276 2115 1.0
276 2546 1.0
277 294 1.0
277 483 1.0
277 523 1.0
277 552 1.0
277 567 1.0
278 324 1.0
278 326 1.0
278 1898 1.0
279 464 1.0
280 519 1.0
280 2549 1.0
281 460 1.0
281 858 1.0
282 589 1.0
282 592 1.0
283 523 1.0
283 565 1.0
283 747 1.0
283 2093 1.0
284 486 1.0
284 583 1.0
285 486 1.0
285 1148 1.0
286 378 1.0
286 1963 1.0
286 2195 1.0
287 549 1.0
287 591 1.0
287 640 1.0
288 1377 1.0
288 2037 1.0
288 2157 1.0
288 2380 1.0
289 612 1.0
289 1278 1.0
289 1498 1.0
289 1534 1.0
289 1535 1.0
289 1537 1.0
289 2568 1.0
290 1839 1.0
290 1911 1.0
290 2220 1.0
291 487 1.0
292 759 1.0
292 904 1.0
293 387 1.0
293 576 1.0
294 465 1.0
294 466 1.0
294 477 1.0
294 483 1.0
294 502 1.0
294 554 1.0
294 564 1.0
294 565 1.0
294 566 1.0
294 588 1.0
294 633 1.0
294 636 1.0
294 638 1.0
294 665 1.0
294 699 1.0
294 807 1.0
294 1353 1.0
294 1438 1.0
294 1672 1.0
294 2430 1.0
294 2476 1.0
295 471 1.0
295 565 1.0
295 1012 1.0
295 1316 1.0
295 1782 1.0
295 2078 1.0
296 438 1.0
296 638 1.0
296 692 1.0
296 1236 1.0
297 441 1.0
297 809 1.0
297 1321 1.0
298 410 1.0
298 552 1.0
299 596 1.0
299 746 1.0
299 1827 1.0
299 2083 1.0
299 2110 1.0
300 593 1.0
300 1621 1.0
301 489 1.0
302 428 1.0
302 432 1.0
302 598 1.0
303 426 1.0
303 478 1.0
303 1174 1.0
303 2091 1.0
304 427 1.0
304 1461 1.0
304 1912 1.0
305 410 1.0
305 552 1.0
305 565 1.0
306 552 1.0
306 554 1.0
306 565 1.0
306 967 1.0
306 1376 1.0
307 598 1.0
307 735 1.0
308 1456 1.0
308 2028 1.0
310 668 1.0
310 747 1.0
310 2513 1.0
311 406 1.0
311 552 1.0
312 427 1.0
312 577 1.0
312 645 1.0
312 772 1.0
313 534 1.0
313 801 1.0
313 1354 1.0
313 1377 1.0
313 1642 1.0
314 509 1.0
314 1073 1.0
314 1244 1.0
314 1596 1.0
314 1684 1.0
314 1726 1.0
315 747 1.0
316 344 1.0
317 417 1.0
317 508 1.0
317 2326 1.0
318 426 1.0
318 445 1.0
318 686 1.0
318 991 1.0
318 1173 1.0
318 1644 1.0
318 2310 1.0
318 2333 1.0
318 2427 1.0
319 1273 1.0
321 566 1.0
321 1192 1.0
321 1954 1.0
321 2179 1.0
321 2305 1.0
322 967 1.0
322 1027 1.0
322 1644 1.0
322 2508 1.0
323 1322 1.0
323 2467 1.0
323 2560 1.0
324 326 1.0
324 327 1.0
324 332 1.0
324 389 1.0
325 1201 1.0
326 327 1.0
327 945 1.0
327 1532 1.0
327 1899 1.0
328 747 1.0
328 2619 1.0
330 354 1.0
330 359 1.0
330 576 1.0
330 731 1.0
330 747 1.0
331 774 1.0
332 389 1.0
332 1064 1.0
333 463 1.0
333 477 1.0
333 565 1.0
333 566 1.0
335 344 1.0
335 378 1.0
335 426 1.0
335 585 1.0
336 747 1.0
337 346 1.0
337 363 1.0
338 627 1.0
339 342 1.0
339 495 1.0
339 1549 1.0
339 1602 1.0
340 341 1.0
340 529 1.0
340 709 1.0
341 529 1.0
341 709 1.0
342 467 1.0
342 495 1.0
342 729 1.0
342 776 1.0
342 1800 1.0
342 1945 1.0
342 1993 1.0
342 2016 1.0
342 2546 1.0
343 530 1.0
343 1098 1.0
343 1274 1.0
343 1303 1.0
343 1523 1.0
343 1571 1.0
343 1577 1.0
344 348 1.0
344 521 1.0
344 675 1.0
344 963 1.0
344 1007 1.0
344 1244 1.0
344 1260 1.0
344 1267 1.0
344 1275 1.0
344 1312 1.0
344 1442 1.0
344 1445 1.0
344 1622 1.0
344 1627 1.0
344 1671 1.0
344 1881 1.0
344 2032 1.0
344 2171 1.0
344 2215 1.0
344 2229 1.0
344 2290 1.0
344 2291 1.0
344 2339 1.0
344 2426 1.0
344 2441 1.0
344 2589 1.0
344 2609 1.0
344 2617 1.0
345 622 1.0
345 1924 1.0
345 2266 1.0
345 2389 1.0
345 2421 1.0
346 363 1.0
347 452 1.0
347 713 1.0
347 998 1.0
347 999 1.0
348 638 1.0
348 1244 1.0
348 1596 1.0
349 747 1.0
350 351 1.0
350 427 1.0
350 664 1.0
350 730 1.0
350 770 1.0
351 730 1.0
352 904 1.0
352 1372 1.0
353 427 1.0
353 747 1.0
354 576 1.0
354 839 1.0
354 1072 1.0
354 1520 1.0
355 576 1.0
355 745 1.0
355 1093 1.0
355 1094 1.0
355 1562 1.0
355 2068 1.0
356 510 1.0
357 537 1.0
357 803 1.0
357 1563 1.0
357 2089 1.0
358 1255 1.0
359 808 1.0
359 1068 1.0
359 1320 1.0
359 1342 1.0
359 1787 1.0
359 1871 1.0
359 2322 1.0
359 2376 1.0
359 2422 1.0
359 2498 1.0
359 2499 1.0
359 2505 1.0
359 2567 1.0
360 698 1.0
362 747 1.0
362 2191 1.0
364 365 1.0
364 366 1.0
364 590 1.0
365 590 1.0
365 2112 1.0
365 2572 1.0
366 590 1.0
367 440 1.0
367 483 1.0
367 552 1.0
367 565 1.0
368 611 1.0
368 747 1.0
369 747 1.0
370 552 1.0
370 562 1.0
370 875 1.0
371 2507 1.0
373 652 1.0
374 455 1.0
374 552 1.0
375 635 1.0
375 638 1.0
375 836 1.0
375 1576 1.0
376 558 1.0
376 641 1.0
376 704 1.0
377 622 1.0
378 396 1.0
378 585 1.0
378 692 1.0
378 960 1.0
378 1027 1.0
378 1061 1.0
378 1207 1.0
378 1238 1.0
378 1275 1.0
378 1290 1.0
378 1539 1.0
378 1644 1.0
378 1678 1.0
378 1963 1.0
378 2012 1.0
378 2042 1.0
378 2195 1.0
378 2290 1.0
378 2291 1.0
378 2447 1.0
378 2583 1.0
379 756 1.0
380 934 1.0
380 1257 1.0
380 1473 1.0
380 1474 1.0
380 1737 1.0
380 1784 1.0
380 2196 1.0
380 2641 1.0
381 430 1.0
381 635 1.0
381 686 1.0
381 2342 1.0
382 1236 1.0
382 1837 1.0
382 2132 1.0
383 631 1.0
383 638 1.0
385 565 1.0
385 567 1.0
386 611 1.0
386 745 1.0
386 747 1.0
388 439 1.0
388 2590 1.0
389 577 1.0
389 1937 1.0
391 427 1.0
391 438 1.0
391 1283 1.0
394 608 1.0
396 478 1.0
397 659 1.0
397 747 1.0
397 2346 1.0
398 419 1.0
398 776 1.0
399 427 1.0
399 1250 1.0
399 1251 1.0
400 555 1.0
400 2354 1.0
400 2360 1.0
401 442 1.0
401 577 1.0
401 632 1.0
401 2462 1.0
402 403 1.0
402 538 1.0
402 681 1.0
403 2104 1.0
403 2302 1.0
403 2309 1.0
405 753 1.0
405 1285 1.0
405 1592 1.0
406 427 1.0
406 2307 1.0
407 512 1.0
407 1298 1.0
407 1763 1.0
407 1875 1.0
407 2439 1.0
408 630 1.0
409 753 1.0
409 1298 1.0
409 1606 1.0
409 2582 1.0
410 565 1.0
411 512 1.0
411 536 1.0
411 1470 1.0
411 1600 1.0
411 1891 1.0
411 2232 1.0
411 2582 1.0
411 2594 1.0
412 552 1.0
412 688 1.0
413 611 1.0
414 440 1.0
414 908 1.0
414 1174 1.0
414 1442 1.0
414 1445 1.0
414 1877 1.0
415 523 1.0
415 712 1.0
415 789 1.0
415 995 1.0
415 1737 1.0
415 1790 1.0
415 1832 1.0
415 1836 1.0
415 2103 1.0
415 2353 1.0
415 2664 1.0
416 1713 1.0
416 1913 1.0
416 2510 1.0
417 508 1.0
418 479 1.0
418 740 1.0
418 1198 1.0
418 1269 1.0
418 1312 1.0
419 1326 1.0
419 1527 1.0
419 1747 1.0
420 439 1.0
420 519 1.0
420 2214 1.0
420 2590 1.0
422 1069 1.0
422 1685 1.0
422 1691 1.0
423 557 1.0
423 558 1.0
423 1290 1.0
423 1934 1.0
423 2425 1.0
424 571 1.0
425 565 1.0
426 836 1.0
426 937 1.0
426 1061 1.0
426 1187 1.0
426 1275 1.0
426 1486 1.0
426 1528 1.0
426 1576 1.0
426 2126 1.0
426 2369 1.0
426 2431 1.0
427 461 1.0
427 477 1.0
427 493 1.0
427 494 1.0
427 526 1.0
427 561 1.0
427 584 1.0
427 587 1.0
427 610 1.0
427 658 1.0
427 665 1.0
427 674 1.0
427 696 1.0
427 698 1.0
427 823 1.0
427 916 1.0
427 946 1.0
427 954 1.0
427 1037 1.0
427 1103 1.0
427 1274 1.0
427 1283 1.0
427 1284 1.0
427 1318 1.0
427 1340 1.0
427 1399 1.0
427 1405 1.0
427 1488 1.0
427 1547 1.0
427 1577 1.0
427 1760 1.0
427 1766 1.0
427 1811 1.0
427 1914 1.0
427 1975 1.0
427 1999 1.0
427 2024 1.0
427 2044 1.0
427 2255 1.0
427 2258 1.0
427 2295 1.0
427 2306 1.0
427 2383 1.0
427 2388 1.0
427 2412 1.0
427 2437 1.0
427 2448 1.0
427 2453 1.0
427 2574 1.0
427 2658 1.0
427 2683 1.0
428 432 1.0
428 433 1.0
428 598 1.0
429 1290 1.0
429 1514 1.0
430 524 1.0
430 547 1.0
430 632 1.0
430 634 1.0
430 635 1.0
430 651 1.0
430 683 1.0
430 686 1.0
430 1020 1.0
430 1165 1.0
430 1207 1.0
430 1270 1.0
430 1284 1.0
430 1568 1.0
430 1569 1.0
430 1617 1.0
430 1637 1.0
430 1698 1.0
430 1792 1.0
430 2033 1.0
430 2137 1.0
430 2197 1.0
430 2343 1.0
430 2487 1.0
430 2557 1.0
430 2593 1.0
431 1608 1.0
431 2137 1.0
432 433 1.0
432 598 1.0
434 597 1.0
434 1339 1.0
434 2473 1.0
435 751 1.0
436 635 1.0
438 550 1.0
438 607 1.0
438 616 1.0
438 692 1.0
438 710 1.0
438 720 1.0
440 562 1.0
441 638 1.0
442 635 1.0
442 1908 1.0
444 753 1.0
445 690 1.0
446 552 1.0
446 554 1.0
447 630 1.0
447 1471 1.0
447 1501 1.0
449 479 1.0
449 566 1.0
449 638 1.0
449 1539 1.0
450 646 1.0
450 954 1.0
450 2558 1.0
451 552 1.0
451 2537 1.0
451 2666 1.0
452 513 1.0
453 514 1.0
453 549 1.0
453 591 1.0
453 706 1.0
453 876 1.0
453 1025 1.0
453 1124 1.0
453 1269 1.0
453 1358 1.0
453 1449 1.0
453 1566 1.0
453 1661 1.0
453 1712 1.0
453 2034 1.0
453 2059 1.0
453 2092 1.0
453 2098 1.0
453 2099 1.0
453 2156 1.0
453 2354 1.0
453 2455 1.0
453 2618 1.0
454 539 1.0
454 541 1.0
454 1368 1.0
455 552 1.0
456 549 1.0
456 569 1.0
456 672 1.0
456 1296 1.0
456 1560 1.0
456 1748 1.0
456 2099 1.0
456 2455 1.0
456 2653 1.0
457 649 1.0
458 745 1.0
458 747 1.0
459 640 1.0
459 1705 1.0
462 1644 1.0
462 2582 1.0
463 477 1.0
463 483 1.0
463 564 1.0
464 467 1.0
464 573 1.0
465 466 1.0
465 523 1.0
465 565 1.0
465 566 1.0
465 2027 1.0
465 2368 1.0
465 2672 1.0
466 552 1.0
466 565 1.0
466 566 1.0
467 495 1.0
467 729 1.0
467 2000 1.0
467 2016 1.0
468 491 1.0
468 896 1.0
468 1713 1.0
468 2377 1.0
470 478 1.0
471 621 1.0
471 1045 1.0
471 1632 1.0
471 1859 1.0
472 552 1.0
472 566 1.0
472 650 1.0
472 1006 1.0
473 552 1.0
473 1459 1.0
474 635 1.0
474 698 1.0
476 605 1.0
476 1056 1.0
476 1091 1.0
477 565 1.0
477 566 1.0
477 745 1.0
477 1645 1.0
477 1766 1.0
477 2409 1.0
477 2658 1.0
478 479 1.0
478 497 1.0
478 520 1.0
478 523 1.0
478 565 1.0
478 568 1.0
478 618 1.0
478 754 1.0
479 649 1.0
479 1354 1.0
479 1627 1.0
479 2300 1.0
479 2636 1.0
480 667 1.0
480 2270 1.0
480 2570 1.0
482 551 1.0
482 578 1.0
483 552 1.0
483 566 1.0
483 650 1.0
483 749 1.0
483 933 1.0
484 641 1.0
484 642 1.0
484 1574 1.0
485 711 1.0
485 1838 1.0
485 2380 1.0
485 2514 1.0
485 2561 1.0
486 1148 1.0
486 1278 1.0
486 1597 1.0
486 2276 1.0
487 538 1.0
488 549 1.0
488 591 1.0
488 2053 1.0
489 747 1.0
489 1815 1.0
489 2670 1.0
490 492 1.0
490 734 1.0
491 2318 1.0
491 2377 1.0
492 565 1.0
492 734 1.0
492 1186 1.0
492 1741 1.0
492 2323 1.0
492 2419 1.0
494 747 1.0
496 501 1.0
496 663 1.0
496 1896 1.0
496 2393 1.0
497 2342 1.0
499 1287 1.0
499 1288 1.0
500 563 1.0
500 1767 1.0
500 2444 1.0
501 503 1.0
501 663 1.0
502 565 1.0
502 567 1.0
502 747 1.0
502 2536 1.0
503 1813 1.0
503 1851 1.0
503 1952 1.0
503 2029 1.0
503 2396 1.0
504 702 1.0
506 514 1.0
507 549 1.0
507 798 1.0
507 1888 1.0
507 2391 1.0
507 2427 1.0
507 2548 1.0
508 523 1.0
508 2326 1.0
509 669 1.0
510 519 1.0
510 2223 1.0
511 611 1.0
514 569 1.0
515 637 1.0
515 2164 1.0
517 1170 1.0
517 1198 1.0
517 2509 1.0
518 662 1.0
518 766 1.0
518 2532 1.0
519 705 1.0
519 2223 1.0
519 2448 1.0
519 2549 1.0
519 2590 1.0
519 2608 1.0
520 524 1.0
520 719 1.0
521 638 1.0
521 1081 1.0
521 1082 1.0
521 1259 1.0
521 2312 1.0
522 525 1.0
523 540 1.0
523 551 1.0
523 565 1.0
523 717 1.0
523 870 1.0
523 882 1.0
523 910 1.0
523 961 1.0
523 1214 1.0
523 1616 1.0
523 1676 1.0
523 1687 1.0
523 1790 1.0
523 1921 1.0
523 1931 1.0
523 2408 1.0
523 2442 1.0
523 2480 1.0
523 2551 1.0
523 2600 1.0
523 2642 1.0
524 1169 1.0
524 1454 1.0
525 684 1.0
525 1419 1.0
525 1425 1.0
525 1427 1.0
526 747 1.0
527 747 1.0
527 1656 1.0
527 1968 1.0
527 2606 1.0
527 2662 1.0
528 678 1.0
529 709 1.0
531 693 1.0
531 1490 1.0
531 2187 1.0
533 777 1.0
535 672 1.0
535 761 1.0
535 1560 1.0
537 606 1.0
537 1204 1.0
538 1036 1.0
538 1204 1.0
538 1689 1.0
538 1738 1.0
538 2165 1.0
538 2193 1.0
538 2309 1.0
539 541 1.0
539 1123 1.0
539 1209 1.0
539 1210 1.0
539 1453 1.0
539 1665 1.0
540 543 1.0
540 603 1.0
540 1121 1.0
540 1640 1.0
541 1123 1.0
542 747 1.0
542 779 1.0
542 1203 1.0
544 751 1.0
545 747 1.0
548 552 1.0
548 565 1.0
548 1859 1.0
548 1860 1.0
549 574 1.0
549 591 1.0
549 640 1.0
549 672 1.0
550 569 1.0
550 1422 1.0
550 2423 1.0
551 2215 1.0
551 2473 1.0
552 554 1.0
552 559 1.0
552 575 1.0
552 601 1.0
552 621 1.0
552 636 1.0
552 644 1.0
552 653 1.0
552 671 1.0
552 688 1.0
552 691 1.0
552 723 1.0
552 738 1.0
552 749 1.0
553 2459 1.0
554 565 1.0
554 875 1.0
554 1859 1.0
555 556 1.0
555 615 1.0
555 2354 1.0
556 615 1.0
556 2354 1.0
556 2360 1.0
557 558 1.0
558 905 1.0
558 1137 1.0
558 1532 1.0
558 1555 1.0
558 1641 1.0
558 1816 1.0
558 1934 1.0
558 2034 1.0
558 2463 1.0
558 2660 1.0
559 1378 1.0
559 1816 1.0
559 2341 1.0
560 740 1.0
560 938 1.0
560 955 1.0
560 1375 1.0
560 1452 1.0
560 2287 1.0
561 745 1.0
561 747 1.0
562 671 1.0
562 1117 1.0
562 1183 1.0
562 1401 1.0
562 1889 1.0
562 2014 1.0
562 2018 1.0
564 565 1.0
564 738 1.0
564 1841 1.0
565 566 1.0
565 575 1.0
565 601 1.0
565 621 1.0
565 633 1.0
565 644 1.0
565 671 1.0
565 691 1.0
565 738 1.0
565 773 1.0
565 842 1.0
565 882 1.0
565 910 1.0
565 1012 1.0
565 1213 1.0
565 1316 1.0
565 1373 1.0
565 1376 1.0
565 1378 1.0
565 1401 1.0
565 1438 1.0
565 1440 1.0
565 1529 1.0
565 1540 1.0
565 1546 1.0
565 1585 1.0
565 1616 1.0
565 1676 1.0
565 1727 1.0
565 1741 1.0
565 1782 1.0
565 1790 1.0
565 1859 1.0
565 1957 1.0
565 1975 1.0
565 2027 1.0
565 2118 1.0
565 2442 1.0
565 2472 1.0
565 2480 1.0
565 2485 1.0
565 2628 1.0
565 2629 1.0
565 2642 1.0
565 2672 1.0
566 588 1.0
566 633 1.0
566 671 1.0
566 688 1.0
566 699 1.0
566 733 1.0
566 858 1.0
566 1447 1.0
566 1459 1.0
566 1544 1.0
566 1643 1.0
566 1782 1.0
566 1816 1.0
566 2221 1.0
566 2480 1.0
566 2485 1.0
566 2658 1.0
567 970 1.0
567 1828 1.0
568 843 1.0
569 710 1.0
569 767 1.0
569 1000 1.0
569 1025 1.0
569 1092 1.0
569 1181 1.0
569 1269 1.0
569 1273 1.0
569 1430 1.0
569 1457 1.0
569 1522 1.0
569 1712 1.0
569 1986 1.0
569 2099 1.0
570 576 1.0
570 872 1.0
570 874 1.0
570 1067 1.0
570 1200 1.0
570 1243 1.0
570 1245 1.0
570 1246 1.0
570 1258 1.0
570 1381 1.0
570 1520 1.0
570 1524 1.0
570 1709 1.0
570 1814 1.0
570 1922 1.0
570 2026 1.0
571 1762 1.0
571 2331 1.0
571 2495 1.0
571 2694 1.0
572 624 1.0
572 747 1.0
572 881 1.0
574 640 1.0
574 672 1.0
574 1006 1.0
574 1827 1.0
574 1962 1.0
574 2040 1.0
574 2360 1.0
574 2475 1.0
575 738 1.0
575 843 1.0
575 882 1.0
575 1378 1.0
575 2485 1.0
576 605 1.0
576 726 1.0
576 731 1.0
576 834 1.0
576 839 1.0
576 863 1.0
576 874 1.0
576 1014 1.0
576 1067 1.0
576 1200 1.0
576 1245 1.0
576 1258 1.0
576 1381 1.0
576 1524 1.0
576 1526 1.0
576 1710 1.0
576 1801 1.0
576 1814 1.0
576 1922 1.0
576 1932 1.0
576 2026 1.0
576 2552 1.0
577 1502 1.0
577 1532 1.0
577 2034 1.0
577 2492 1.0
577 2660 1.0
578 1122 1.0
578 1333 1.0
578 1877 1.0
579 611 1.0
579 696 1.0
579 747 1.0
580 581 1.0
580 922 1.0
580 1126 1.0
580 1212 1.0
580 1215 1.0
580 1497 1.0
582 818 1.0
582 1498 1.0
582 1792 1.0
583 643 1.0
583 1126 1.0
583 1214 1.0
583 1278 1.0
583 2371 1.0
583 2398 1.0
583 2568 1.0
584 639 1.0
585 911 1.0
585 1061 1.0
585 1275 1.0
585 2091 1.0
585 2290 1.0
585 2291 1.0
587 2239 1.0
588 699 1.0
588 747 1.0
589 592 1.0
589 1509 1.0
591 640 1.0
591 672 1.0
591 848 1.0
591 1032 1.0
591 1105 1.0
591 1186 1.0
591 1358 1.0
591 2054 1.0
591 2155 1.0
591 2182 1.0
591 2475 1.0
591 2690 1.0
592 1144 1.0
592 1509 1.0
593 594 1.0
594 1122 1.0
594 1194 1.0
594 1621 1.0
597 675 1.0
599 747 1.0
600 745 1.0
600 747 1.0
600 1052 1.0
601 611 1.0
601 1741 1.0
602 1114 1.0
602 2334 1.0
603 670 1.0
603 1047 1.0
603 1640 1.0
604 668 1.0
605 676 1.0
607 821 1.0
607 1055 1.0
607 1306 1.0
608 611 1.0
608 680 1.0
608 975 1.0
608 2230 1.0
609 719 1.0
609 747 1.0
610 747 1.0
611 633 1.0
611 716 1.0
611 718 1.0
611 719 1.0
611 864 1.0
611 899 1.0
611 938 1.0
611 1079 1.0
611 1103 1.0
611 1116 1.0
611 1265 1.0
611 1315 1.0
611 1352 1.0
611 1488 1.0
611 1493 1.0
611 1499 1.0
611 1564 1.0
611 1668 1.0
611 1732 1.0
611 1755 1.0
611 1763 1.0
611 1935 1.0
611 2050 1.0
611 2230 1.0
611 2260 1.0
611 2325 1.0
611 2340 1.0
611 2352 1.0
611 2378 1.0
611 2385 1.0
611 2501 1.0
611 2505 1.0
611 2540 1.0
611 2676 1.0
612 629 1.0
612 1046 1.0
612 1348 1.0
612 2568 1.0
613 616 1.0
613 2107 1.0
613 2496 1.0
613 2571 1.0
614 615 1.0
616 2046 1.0
618 638 1.0
620 747 1.0
621 738 1.0
621 1859 1.0
623 637 1.0
623 1064 1.0
623 1172 1.0
623 1937 1.0
623 2140 1.0
623 2341 1.0
624 659 1.0
624 700 1.0
625 659 1.0
625 700 1.0
626 687 1.0
627 1057 1.0
627 1270 1.0
627 1562 1.0
627 1679 1.0
628 747 1.0
629 1535 1.0
629 1537 1.0
631 1057 1.0
631 1562 1.0
632 635 1.0
632 683 1.0
632 1582 1.0
632 1909 1.0
632 2508 1.0
633 1459 1.0
634 635 1.0
634 686 1.0
634 1513 1.0
634 1570 1.0
634 2593 1.0
635 640 1.0
635 651 1.0
635 660 1.0
635 683 1.0
635 686 1.0
635 722 1.0
636 764 1.0
636 1573 1.0
636 2027 1.0
636 2173 1.0
636 2174 1.0
636 2204 1.0
636 2233 1.0
636 2672 1.0
636 2687 1.0
638 701 1.0
638 722 1.0
638 779 1.0
638 862 1.0
638 1027 1.0
638 1189 1.0
638 1312 1.0
638 1327 1.0
638 1460 1.0
638 1468 1.0
638 1539 1.0
638 1808 1.0
638 1895 1.0
638 1919 1.0
638 2045 1.0
638 2146 1.0
638 2171 1.0
638 2409 1.0
638 2426 1.0
638 2465 1.0
638 2541 1.0
638 2673 1.0
639 1763 1.0
640 732 1.0
640 1363 1.0
640 1897 1.0
640 2054 1.0
640 2475 1.0
641 1739 1.0
642 697 1.0
643 1121 1.0
643 1904 1.0
643 2489 1.0
645 742 1.0
648 693 1.0
649 752 1.0
649 1643 1.0
649 2123 1.0
649 2294 1.0
649 2403 1.0
649 2560 1.0
649 2581 1.0
650 656 1.0
650 1006 1.0
650 1557 1.0
653 2480 1.0
654 1260 1.0
655 747 1.0
656 657 1.0
656 773 1.0
657 1581 1.0
658 1577 1.0
659 695 1.0
661 1191 1.0
663 2393 1.0
664 978 1.0
665 747 1.0
666 745 1.0
667 867 1.0
667 1356 1.0
667 1928 1.0
667 1974 1.0
667 2072 1.0
667 2227 1.0
667 2270 1.0
667 2570 1.0
668 975 1.0
668 1315 1.0
668 1508 1.0
668 2413 1.0
668 2414 1.0
668 2562 1.0
668 2683 1.0
671 1459 1.0
671 1599 1.0
672 924 1.0
672 1003 1.0
672 1004 1.0
672 1293 1.0
672 1343 1.0
672 1363 1.0
672 1386 1.0
672 1460 1.0
672 2004 1.0
672 2040 1.0
672 2329 1.0
672 2360 1.0
672 2653 1.0
672 2696 1.0
675 1429 1.0
675 1442 1.0
675 1445 1.0
675 2215 1.0
675 2339 1.0
676 1014 1.0
676 1056 1.0
676 1091 1.0
680 747 1.0
681 712 1.0
681 2309 1.0
682 1791 1.0
682 2430 1.0
683 686 1.0
683 1860 1.0
684 779 1.0
684 1425 1.0
684 1550 1.0
685 747 1.0
686 760 1.0
686 1273 1.0
686 1698 1.0
686 2541 1.0
686 2557 1.0
687 741 1.0
687 745 1.0
687 1157 1.0
687 1564 1.0
687 1700 1.0
687 1704 1.0
687 2381 1.0
687 2683 1.0
688 835 1.0
688 1248 1.0
689 967 1.0
689 1580 1.0
689 1826 1.0
690 2457 1.0
691 1557 1.0
691 1649 1.0
691 2658 1.0
692 1191 1.0
693 1471 1.0
693 1501 1.0
695 747 1.0
695 1967 1.0
696 747 1.0
696 1672 1.0
698 1431 1.0
699 747 1.0
700 747 1.0
700 879 1.0
701 1644 1.0
703 747 1.0
703 2233 1.0
705 1910 1.0
708 1116 1.0
710 847 1.0
712 1036 1.0
712 1965 1.0
712 2664 1.0
714 833 1.0
714 1035 1.0
714 1218 1.0
714 1299 1.0
714 2089 1.0
717 1122 1.0
717 1877 1.0
717 2502 1.0
717 2568 1.0
719 747 1.0
719 1112 1.0
719 1133 1.0
719 1666 1.0
719 1838 1.0
719 2561 1.0
724 747 1.0
724 2612 1.0
726 1068 1.0
726 1418 1.0
727 1016 1.0
727 1136 1.0
727 1799 1.0
728 943 1.0
728 1016 1.0
728 1127 1.0
728 1305 1.0
728 1466 1.0
729 1945 1.0
729 1993 1.0
730 770 1.0
730 1889 1.0
731 808 1.0
731 1450 1.0
731 1656 1.0
731 1778 1.0
732 1897 1.0
735 1956 1.0
735 2106 1.0
735 2527 1.0
735 2649 1.0
736 1116 1.0
737 747 1.0
737 2024 1.0
738 1183 1.0
738 1213 1.0
738 1376 1.0
738 1585 1.0
738 1727 1.0
738 1741 1.0
738 2628 1.0
738 2629 1.0
740 929 1.0
740 1559 1.0
740 1664 1.0
740 1667 1.0
740 1683 1.0
740 1703 1.0
741 747 1.0
741 1157 1.0
742 772 1.0
742 1240 1.0
743 744 1.0
743 2030 1.0
743 2077 1.0
743 2316 1.0
743 2659 1.0
744 2030 1.0
744 2077 1.0
744 2316 1.0
745 771 1.0
745 962 1.0
745 1157 1.0
745 1564 1.0
745 1700 1.0
745 1704 1.0
745 1756 1.0
745 1763 1.0
745 1884 1.0
745 1885 1.0
745 1886 1.0
745 1932 1.0
745 2162 1.0
745 2165 1.0
745 2325 1.0
745 2336 1.0
745 2437 1.0
747 763 1.0
747 771 1.0
747 779 1.0
748 1926 1.0
748 1933 1.0
748 1941 1.0
749 1459 1.0
749 2485 1.0
752 1621 1.0
755 757 1.0
755 1404 1.0
755 2058 1.0
757 846 1.0
757 1965 1.0
757 2058 1.0
758 1980 1.0
760 2428 1.0
763 1879 1.0
763 2355 1.0
764 769 1.0
764 910 1.0
764 1311 1.0
764 1573 1.0
764 1581 1.0
764 2174 1.0
764 2687 1.0
766 979 1.0
766 2532 1.0
768 772 1.0
770 1285 1.0
772 1147 1.0
772 1240 1.0
772 1241 1.0
772 1502 1.0
772 2076 1.0
772 2166 1.0
772 2167 1.0
773 1643 1.0
773 1687 1.0
774 1493 1.0
774 2707 1.0
775 875 1.0
775 1459 1.0
776 1326 1.0
776 2088 1.0
776 2166 1.0
779 1203 1.0
780 1139 1.0
780 1598 1.0
781 846 1.0
781 1184 1.0
781 1533 1.0
782 1532 1.0
783 1155 1.0
783 1328 1.0
783 1407 1.0
783 1812 1.0
784 845 1.0
784 917 1.0
784 1338 1.0
784 1613 1.0
785 862 1.0
785 1155 1.0
785 1328 1.0
785 1513 1.0
785 1812 1.0
786 791 1.0
786 1003 1.0
786 1004 1.0
786 1363 1.0
787 1287 1.0
787 1288 1.0
787 1437 1.0
788 945 1.0
788 1268 1.0
788 1414 1.0
788 2323 1.0
788 2341 1.0
788 2425 1.0
789 1206 1.0
789 1409 1.0
790 1234 1.0
790 1510 1.0
790 2057 1.0
791 1003 1.0
791 1004 1.0
791 1560 1.0
791 1661 1.0
792 798 1.0
792 1095 1.0
793 856 1.0
793 943 1.0
793 959 1.0
793 1069 1.0
793 1070 1.0
793 1110 1.0
793 1127 1.0
793 1139 1.0
793 1205 1.0
793 1249 1.0
793 1330 1.0
793 1333 1.0
793 1334 1.0
793 1380 1.0
793 1455 1.0
793 1467 1.0
793 1691 1.0
793 1694 1.0
793 1715 1.0
793 1734 1.0
794 795 1.0
795 865 1.0
796 1629 1.0
797 1645 1.0
798 1095 1.0
798 1105 1.0
798 1433 1.0
799 1122 1.0
799 1699 1.0
799 1706 1.0
799 2656 1.0
800 1136 1.0
801 1475 1.0
801 1542 1.0
802 973 1.0
802 1168 1.0
803 1439 1.0
803 1563 1.0
804 1459 1.0
804 1585 1.0
804 1664 1.0
804 1697 1.0
805 930 1.0
805 990 1.0
806 1121 1.0
806 1138 1.0
806 1354 1.0
807 1438 1.0
807 1672 1.0
808 863 1.0
808 1320 1.0
808 1342 1.0
808 1450 1.0
809 812 1.0
809 814 1.0
809 908 1.0
809 919 1.0
809 1044 1.0
809 1080 1.0
809 1129 1.0
809 1190 1.0
809 1222 1.0
809 1229 1.0
809 1365 1.0
809 1615 1.0
809 1639 1.0
810 1287 1.0
810 1718 1.0
811 910 1.0
811 1140 1.0
811 1253 1.0
812 814 1.0
812 1044 1.0
812 1080 1.0
812 1341 1.0
812 1365 1.0
813 1523 1.0
814 1044 1.0
814 1080 1.0
814 1129 1.0
814 1321 1.0
814 1365 1.0
815 880 1.0
815 1523 1.0
816 881 1.0
816 1203 1.0
817 818 1.0
817 819 1.0
817 1125 1.0
817 1212 1.0
817 1367 1.0
818 819 1.0
818 1125 1.0
818 1212 1.0
818 1215 1.0
819 1154 1.0
819 1212 1.0
819 1215 1.0
820 829 1.0
820 1115 1.0
820 1146 1.0
820 1252 1.0
821 1389 1.0
821 1421 1.0
822 1484 1.0
822 1644 1.0
823 1283 1.0
824 1215 1.0
824 1621 1.0
824 1707 1.0
825 1215 1.0
825 1707 1.0
826 1237 1.0
826 1273 1.0
826 1422 1.0
826 1457 1.0
826 1606 1.0
827 909 1.0
827 913 1.0
827 1527 1.0
827 1894 1.0
828 1422 1.0
828 1457 1.0
829 962 1.0
829 1252 1.0
830 1252 1.0
831 885 1.0
831 2243 1.0
831 2466 1.0
832 1052 1.0
832 1701 1.0
833 1218 1.0
833 1516 1.0
833 1796 1.0
833 2001 1.0
834 1067 1.0
834 1520 1.0
834 1814 1.0
834 1821 1.0
835 1248 1.0
836 1266 1.0
836 1595 1.0
837 1007 1.0
837 1489 1.0
837 1686 1.0
838 1458 1.0
839 874 1.0
839 1067 1.0
839 1072 1.0
839 1520 1.0
839 1526 1.0
839 1709 1.0
840 1196 1.0
841 1240 1.0
841 2559 1.0
842 1540 1.0
843 1101 1.0
843 2658 1.0
844 934 1.0
844 974 1.0
844 1184 1.0
844 1784 1.0
846 1533 1.0
846 2173 1.0
846 2204 1.0
847 848 1.0
847 967 1.0
847 1032 1.0
847 1402 1.0
847 1468 1.0
848 967 1.0
848 1032 1.0
848 1223 1.0
848 1388 1.0
848 1400 1.0
848 1468 1.0
848 1607 1.0
848 1739 1.0
849 1720 1.0
850 917 1.0
851 1491 1.0
852 1015 1.0
852 1654 1.0
853 1019 1.0
853 1053 1.0
853 1732 1.0
853 2423 1.0
854 1178 1.0
854 1231 1.0
854 2211 1.0
854 2598 1.0
855 1338 1.0
855 1654 1.0
856 1016 1.0
856 1153 1.0
857 1125 1.0
857 1483 1.0
857 2060 1.0
858 991 1.0
858 1084 1.0
858 2035 1.0
858 2303 1.0
858 2556 1.0
859 1198 1.0
860 934 1.0
860 1184 1.0
860 1911 1.0
860 1940 1.0
861 1236 1.0
861 1431 1.0
861 1678 1.0
862 986 1.0
862 1019 1.0
862 1155 1.0
862 1407 1.0
862 1513 1.0
862 1812 1.0
862 2364 1.0
862 2423 1.0
863 2499 1.0
864 1079 1.0
865 932 1.0
865 1505 1.0
865 2560 1.0
866 890 1.0
867 1493 1.0
868 1643 1.0
868 1649 1.0
869 1374 1.0
870 1687 1.0
871 1591 1.0
872 1520 1.0
873 920 1.0
873 1520 1.0
874 1520 1.0
875 933 1.0
875 1192 1.0
876 1006 1.0
876 1025 1.0
876 1269 1.0
877 1010 1.0
877 1569 1.0
877 1578 1.0
877 1651 1.0
878 1023 1.0
878 1472 1.0
879 979 1.0
880 1523 1.0
881 1119 1.0
881 1203 1.0
881 1256 1.0
881 1411 1.0
881 2203 1.0
881 2295 1.0
881 2405 1.0
881 2423 1.0
881 2454 1.0
881 2702 1.0
882 1012 1.0
882 1316 1.0
882 1378 1.0
882 1529 1.0
882 1616 1.0
883 1210 1.0
883 1665 1.0
884 1658 1.0
885 1335 1.0
886 1295 1.0
887 983 1.0
887 1531 1.0
888 896 1.0
888 1731 1.0
889 892 1.0
889 904 1.0
889 1713 1.0
889 2153 1.0
891 1437 1.0
892 904 1.0
892 1713 1.0
892 1716 1.0
893 1174 1.0
893 1259 1.0
893 1290 1.0
894 1255 1.0
895 1436 1.0
896 1372 1.0
897 1240 1.0
898 1687 1.0
899 1564 1.0
899 1565 1.0
899 1672 1.0
900 1207 1.0
900 1351 1.0
900 1533 1.0
900 1583 1.0
901 1497 1.0
901 1553 1.0
901 1554 1.0
902 910 1.0
902 964 1.0
902 965 1.0
902 966 1.0
902 981 1.0
902 1174 1.0
903 1491 1.0
903 1672 1.0
904 1372 1.0
904 1733 1.0
905 976 1.0
905 1287 1.0
905 1393 1.0
905 1397 1.0
906 1019 1.0
906 1860 1.0
907 1252 1.0
908 919 1.0
908 2304 1.0
909 913 1.0
909 1527 1.0
909 1894 1.0
910 964 1.0
910 966 1.0
910 981 1.0
910 982 1.0
910 1117 1.0
910 1131 1.0
910 1140 1.0
910 1221 1.0
910 1253 1.0
910 1311 1.0
910 1432 1.0
910 1481 1.0
910 1573 1.0
910 1589 1.0
910 1590 1.0
910 1673 1.0
911 1354 1.0
912 1149 1.0
912 1150 1.0
912 1240 1.0
912 1241 1.0
914 1551 1.0
915 1172 1.0
915 1294 1.0
916 1038 1.0
916 2373 1.0
916 2374 1.0
916 2686 1.0
917 1338 1.0
918 1252 1.0
919 1129 1.0
920 1520 1.0
921 1265 1.0
921 1725 1.0
922 923 1.0
922 1233 1.0
922 1416 1.0
923 1126 1.0
923 1233 1.0
923 1416 1.0
924 1309 1.0
924 1460 1.0
924 1480 1.0
924 1539 1.0
925 1532 1.0
926 1019 1.0
926 1112 1.0
927 1019 1.0
927 1328 1.0
928 983 1.0
928 1636 1.0
929 1559 1.0
929 1697 1.0
929 2442 1.0
930 1062 1.0
930 1254 1.0
931 1000 1.0
931 1053 1.0
931 1463 1.0
931 1484 1.0
932 1505 1.0
934 940 1.0
934 1009 1.0
934 1353 1.0
934 1631 1.0
935 1136 1.0
936 1515 1.0
937 1234 1.0
938 1127 1.0
938 2196 1.0
939 1242 1.0
941 1441 1.0
941 1717 1.0
942 1153 1.0
943 1016 1.0
943 1466 1.0
943 1646 1.0
944 1335 1.0
944 1337 1.0
945 1287 1.0
945 1414 1.0
946 1179 1.0
946 1600 1.0
947 1328 1.0
948 1281 1.0
948 1282 1.0
948 1446 1.0
949 1512 1.0
949 1608 1.0
950 1240 1.0
950 1241 1.0
951 1401 1.0
951 1554 1.0
951 2605 1.0
952 1064 1.0
952 1660 1.0
953 972 1.0
954 969 1.0
954 1461 1.0
954 1591 1.0
955 1280 1.0
956 995 1.0
956 1178 1.0
956 1231 1.0
956 2598 1.0
957 967 1.0
958 1409 1.0
959 1130 1.0
960 1292 1.0
960 1301 1.0
961 1515 1.0
963 1519 1.0
964 965 1.0
964 966 1.0
964 1140 1.0
964 1432 1.0
964 1481 1.0
964 1673 1.0
965 966 1.0
965 981 1.0
965 1060 1.0
965 1140 1.0
965 1253 1.0
965 1432 1.0
965 1481 1.0
965 1590 1.0
965 1673 1.0
966 1131 1.0
966 1140 1.0
966 1481 1.0
966 1673 1.0
967 1032 1.0
967 1394 1.0
967 1400 1.0
967 1561 1.0
968 1285 1.0
970 974 1.0
970 1378 1.0
970 1396 1.0
970 1533 1.0
971 1326 1.0
971 1527 1.0
971 1602 1.0
971 2166 1.0
973 993 1.0
975 1079 1.0
976 1268 1.0
976 1287 1.0
976 1393 1.0
977 1234 1.0
978 1593 1.0
978 1825 1.0
978 1954 1.0
979 1825 1.0
979 1845 1.0
980 1488 1.0
981 1140 1.0
983 1002 1.0
983 1302 1.0
983 1531 1.0
983 1636 1.0
983 1735 1.0
984 1048 1.0
985 1102 1.0
985 2038 1.0
985 2066 1.0
986 1642 1.0
986 1644 1.0
986 2484 1.0
986 2605 1.0
986 2614 1.0
986 2616 1.0
987 1240 1.0
987 1608 1.0
988 1515 1.0
989 1068 1.0
989 1418 1.0
990 1774 1.0
991 1084 1.0
991 1368 1.0
992 1354 1.0
994 1354 1.0
995 1178 1.0
995 1230 1.0
995 1231 1.0
995 1232 1.0
995 1495 1.0
995 1690 1.0
995 1971 1.0
995 1985 1.0
995 2139 1.0
995 2673 1.0
996 1015 1.0
997 1271 1.0
998 1240 1.0
998 1241 1.0
999 1240 1.0
999 1463 1.0
999 1512 1.0
1000 1185 1.0
1001 1354 1.0
1002 1735 1.0
1003 1004 1.0
1003 1343 1.0
1003 1364 1.0
1003 1469 1.0
1003 1897 1.0
1003 2028 1.0
1003 2146 1.0
1003 2182 1.0
1003 2483 1.0
1004 1343 1.0
1004 1364 1.0
1004 1469 1.0
1004 2146 1.0
1004 2350 1.0
1004 2483 1.0
1005 1313 1.0
1006 1025 1.0
1006 2040 1.0
1006 2360 1.0
1007 1919 1.0
1007 2217 1.0
1007 2426 1.0
1008 1011 1.0
1008 1486 1.0
1008 1569 1.0
1009 1079 1.0
1009 2175 1.0
1010 1011 1.0
1010 1061 1.0
1010 1182 1.0
1010 1569 1.0
1010 1578 1.0
1010 1651 1.0
1011 1569 1.0
1013 1156 1.0
1014 1056 1.0
1014 1091 1.0
1015 1338 1.0
1016 1070 1.0
1016 1110 1.0
1016 1205 1.0
1016 1305 1.0
1016 1466 1.0
1016 1670 1.0
1016 1729 1.0
1017 1574 1.0
1018 1136 1.0
1018 1139 1.0
1018 1142 1.0
1019 1256 1.0
1019 1290 1.0
1020 1322 1.0
1020 1328 1.0
1020 1329 1.0
1020 1337 1.0
1020 2577 1.0
1021 1464 1.0
1022 1282 1.0
1023 1090 1.0
1024 1053 1.0
1024 1335 1.0
1024 2338 1.0
1025 1238 1.0
1025 1290 1.0
1025 1388 1.0
1025 1449 1.0
1025 1712 1.0
1026 1105 1.0
1026 1433 1.0
1027 1322 1.0
1027 1336 1.0
1027 1388 1.0
1028 1037 1.0
1028 1042 1.0
1028 1435 1.0
1028 1610 1.0
1029 1090 1.0
1029 2456 1.0
1030 1136 1.0
1030 1796 1.0
1030 1946 1.0
1031 1328 1.0
1032 1335 1.0
1033 1174 1.0
1034 1178 1.0
1034 1730 1.0
1035 1216 1.0
1035 1218 1.0
1036 1662 1.0
1037 1042 1.0
1037 1470 1.0
1037 1610 1.0
1038 1196 1.0
1039 1354 1.0
1040 1354 1.0
1041 1321 1.0
1042 1043 1.0
1042 1435 1.0
1043 1435 1.0
1044 1341 1.0
1044 1365 1.0
1045 1540 1.0
1046 1121 1.0
1046 1344 1.0
1046 1345 1.0
1046 2706 1.0
1047 1344 1.0
1047 1345 1.0
1047 1348 1.0
1047 1354 1.0
1047 1355 1.0
1047 1420 1.0
1049 1292 1.0
1049 1329 1.0
1049 1498 1.0
1050 1171 1.0
1050 1306 1.0
1050 1389 1.0
1050 1492 1.0
1050 1499 1.0
1050 1591 1.0
1051 1052 1.0
1051 2576 1.0
1052 1066 1.0
1053 1191 1.0
1053 1197 1.0
1053 1463 1.0
1053 1568 1.0
1053 1607 1.0
1054 1249 1.0
1055 1059 1.0
1055 1284 1.0
1057 1307 1.0
1057 1359 1.0
1057 1484 1.0
1058 1211 1.0
1058 2454 1.0
1060 1136 1.0
1060 1523 1.0
1060 1890 1.0
1060 2039 1.0
1061 1244 1.0
1061 1578 1.0
1061 1651 1.0
1062 1254 1.0
1062 1323 1.0
1062 2651 1.0
1063 1065 1.0
1063 1136 1.0
1063 1153 1.0
1063 1628 1.0
1064 1937 1.0
1065 1106 1.0
1065 1153 1.0
1065 1279 1.0
1065 1305 1.0
1067 1801 1.0
1067 1814 1.0
1068 2499 1.0
1068 2500 1.0
1069 1096 1.0
1069 1455 1.0
1069 1685 1.0
1070 1153 1.0
1071 1292 1.0
1071 1329 1.0
1071 1498 1.0
1072 1520 1.0
1073 1112 1.0
1073 1182 1.0
1073 1569 1.0
1073 1636 1.0
1074 1174 1.0
1075 1340 1.0
1076 1078 1.0
1076 1086 1.0
1076 2461 1.0
1077 1153 1.0
1078 1086 1.0
1078 2461 1.0
1079 1103 1.0
1079 1315 1.0
1079 1389 1.0
1079 1718 1.0
1079 1724 1.0
1080 1129 1.0
1080 1321 1.0
1081 1082 1.0
1081 1259 1.0
1082 1259 1.0
1082 2312 1.0
1083 1660 1.0
1084 2035 1.0
1085 1292 1.0
1086 1240 1.0
1086 1527 1.0
1086 1545 1.0
1086 1582 1.0
1086 1641 1.0
1087 1512 1.0
1088 1565 1.0
1089 1354 1.0
1091 1288 1.0
1092 1484 1.0
1093 1659 1.0
1093 2085 1.0
1093 2228 1.0
1094 1659 1.0
1094 2085 1.0
1094 2228 1.0
1095 1360 1.0
1095 1433 1.0
1095 1456 1.0
1097 1393 1.0
1098 1305 1.0
1098 1911 1.0
1099 1178 1.0
1100 1464 1.0
1101 1111 1.0
1101 1328 1.0
1102 1174 1.0
1102 1370 1.0
1102 1413 1.0
1102 1479 1.0
1103 1579 1.0
1104 1260 1.0
1104 1262 1.0
1105 2356 1.0
1106 1305 1.0
1107 1328 1.0
1107 1617 1.0
1108 1503 1.0
1108 1504 1.0
1108 1506 1.0
1108 1507 1.0
1109 1328 1.0
1109 1570 1.0
1109 2151 1.0
1110 1728 1.0
1110 1729 1.0
1111 1328 1.0
1111 1339 1.0
1111 1412 1.0
1111 1570 1.0
1111 2292 1.0
1112 1403 1.0
1112 1512 1.0
1112 1618 1.0
1112 2415 1.0
1113 1153 1.0
1113 1380 1.0
1114 1117 1.0
1114 1261 1.0
1114 1371 1.0
1114 1588 1.0
1114 1603 1.0
1114 1696 1.0
1115 1252 1.0
1116 1593 1.0
1117 1225 1.0
1117 1261 1.0
1117 1588 1.0
1117 1603 1.0
1117 2089 1.0
1117 2332 1.0
1118 1540 1.0
1119 1203 1.0
1119 2405 1.0
1120 1677 1.0
1120 2275 1.0
1121 1138 1.0
1121 1344 1.0
1121 1640 1.0
1122 1194 1.0
1122 1534 1.0
1123 1176 1.0
1123 1188 1.0
1123 1354 1.0
1123 1483 1.0
1123 1674 1.0
1123 1680 1.0
1124 1566 1.0
1124 1567 1.0
1125 1483 1.0
1125 1496 1.0
1126 1212 1.0
1126 1497 1.0
1126 2371 1.0
1126 2372 1.0
1126 2489 1.0
1127 1153 1.0
1128 1288 1.0
1128 1393 1.0
1129 1190 1.0
1129 1222 1.0
1130 1334 1.0
1131 1253 1.0
1132 1309 1.0
1133 1666 1.0
1134 1264 1.0
1134 2281 1.0
1135 1174 1.0
1135 1442 1.0
1135 1444 1.0
1136 1142 1.0
1136 1286 1.0
1136 1333 1.0
1136 1516 1.0
1136 1523 1.0
1136 1558 1.0
1136 1575 1.0
1136 1594 1.0
1136 1740 1.0
1137 1459 1.0
1137 1687 1.0
1138 1344 1.0
1138 1420 1.0
1138 1597 1.0
1138 2706 1.0
1139 1572 1.0
1139 1598 1.0
1140 1311 1.0
1140 2294 1.0
1141 1172 1.0
1141 1240 1.0
1141 1241 1.0
1143 1404 1.0
1143 2165 1.0
1143 2429 1.0
1144 1509 1.0
1145 1323 1.0
1146 1676 1.0
1147 1240 1.0
1147 1241 1.0
1147 1347 1.0
1148 1355 1.0
1148 1534 1.0
1148 1597 1.0
1149 1150 1.0
1149 1323 1.0
1149 1891 1.0
1149 2044 1.0
1150 1323 1.0
1150 1630 1.0
1151 1350 1.0
1152 1453 1.0
1153 1204 1.0
1153 1205 1.0
1153 1219 1.0
1153 1257 1.0
1153 1410 1.0
1153 1455 1.0
1153 1611 1.0
1153 1675 1.0
1154 1531 1.0
1155 1328 1.0
1155 1407 1.0
1155 1601 1.0
1155 1812 1.0
1157 1700 1.0
1157 1704 1.0
1158 1550 1.0
1158 1555 1.0
1159 1485 1.0
1159 2564 1.0
1160 1166 1.0
1161 1560 1.0
1161 1592 1.0
1161 1702 1.0
1161 2324 1.0
1161 2423 1.0
1161 2657 1.0
1162 1613 1.0
1163 1497 1.0
1163 1498 1.0
1163 1534 1.0
1164 1570 1.0
1164 1584 1.0
1164 1626 1.0
1165 1327 1.0
1167 1330 1.0
1167 1331 1.0
1167 1332 1.0
1169 1284 1.0
1169 1454 1.0
1170 1198 1.0
1172 2108 1.0
1172 2341 1.0
1173 1328 1.0
1173 2583 1.0
1174 1297 1.0
1175 1325 1.0
1175 1628 1.0
1176 1285 1.0
1176 1354 1.0
1176 1592 1.0
1176 2272 1.0
1177 1180 1.0
1177 1519 1.0
1177 1620 1.0
1177 1627 1.0
1178 1230 1.0
1178 1231 1.0
1178 1232 1.0
1178 1362 1.0
1178 1476 1.0
1178 1688 1.0
1178 1690 1.0
1178 1736 1.0
1178 1737 1.0
1180 1620 1.0
1181 1431 1.0
1182 1569 1.0
1182 1578 1.0
1182 1684 1.0
1182 1726 1.0
1183 1193 1.0
1183 1202 1.0
1184 1362 1.0
1184 1784 1.0
1184 2199 1.0
1185 1521 1.0
1186 1268 1.0
1186 1309 1.0
1187 1234 1.0
1188 1354 1.0
1189 1643 1.0
1189 1687 1.0
1190 1321 1.0
1191 1290 1.0
1191 2423 1.0
1192 2150 1.0
1192 2473 1.0
1194 1621 1.0
1195 1203 1.0
1195 1323 1.0
1195 1630 1.0
1197 1290 1.0
1197 1484 1.0
1197 2634 1.0
1198 1296 1.0
1198 1683 1.0
1199 1550 1.0
1199 1702 1.0
1200 1520 1.0
1201 1240 1.0
1203 1411 1.0
1203 1630 1.0
1204 2624 1.0
1206 1544 1.0
1207 1333 1.0
1208 1429 1.0
1208 1434 1.0
1209 1215 1.0
1210 1453 1.0
1211 1247 1.0
1211 1520 1.0
1212 1497 1.0
1212 1552 1.0
1213 1649 1.0
1214 1635 1.0
1215 1699 1.0
1215 1707 1.0
1216 1299 1.0
1216 1571 1.0
1216 1719 1.0
1217 1349 1.0
1218 1299 1.0
1218 1424 1.0
1218 1516 1.0
1218 1530 1.0
1218 1571 1.0
1218 1670 1.0
1220 1484 1.0
1220 1608 1.0
1220 1618 1.0
1221 1797 1.0
1221 2703 1.0
1222 1321 1.0
1223 1335 1.0
1223 1422 1.0
1223 1607 1.0
1224 1333 1.0
1224 2673 1.0
1225 1333 1.0
1226 1234 1.0
1226 1290 1.0
1227 1236 1.0
1228 1649 1.0
1228 1687 1.0
1228 1688 1.0
1228 1693 1.0
1229 1615 1.0
1230 1231 1.0
1230 2470 1.0
1230 2598 1.0
1231 1232 1.0
1231 1495 1.0
1231 1985 1.0
1231 2086 1.0
1232 2211 1.0
1232 2598 1.0
1234 1263 1.0
1234 1275 1.0
1234 1510 1.0
1235 1512 1.0
1235 2508 1.0
1236 1669 1.0
1237 1422 1.0
1237 1457 1.0
1237 1484 1.0
1237 1521 1.0
1238 1290 1.0
1238 1500 1.0
1238 1550 1.0
1239 1387 1.0
1240 1241 1.0
1240 1347 1.0
1240 1527 1.0
1241 1347 1.0
1241 2559 1.0
1243 1245 1.0
1243 1524 1.0
1244 1596 1.0
1245 1520 1.0
1245 1524 1.0
1246 1520 1.0
1249 1408 1.0
1249 1473 1.0
1249 1474 1.0
1249 1728 1.0
1249 1734 1.0
1250 1251 1.0
1252 1477 1.0
1252 1485 1.0
1252 1634 1.0
1253 1311 1.0
1254 1464 1.0
1256 1644 1.0
1256 2675 1.0
1257 1719 1.0
1257 1872 1.0
1257 2087 1.0
1257 2175 1.0
1257 2259 1.0
1258 1520 1.0
1259 1944 1.0
1259 2213 1.0
1259 2312 1.0
1260 1269 1.0
1260 1312 1.0
1260 2090 1.0
1261 2089 1.0
1263 2585 1.0
1264 1738 1.0
1265 1725 1.0
1266 1301 1.0
1266 1576 1.0
1266 1663 1.0
1267 1335 1.0
1267 1500 1.0
1267 1512 1.0
1268 1414 1.0
1268 1757 1.0
1268 1842 1.0
1268 1898 1.0
1268 2140 1.0
1268 2323 1.0
1268 2419 1.0
1269 1312 1.0
1269 2618 1.0
1270 1335 1.0
1270 2342 1.0
1272 1281 1.0
1272 1282 1.0
1272 1346 1.0
1272 1451 1.0
1272 1604 1.0
1273 1422 1.0
1274 1303 1.0
1274 1305 1.0
1275 2290 1.0
1275 2291 1.0
1275 2617 1.0
1276 1503 1.0
1276 1504 1.0
1276 1506 1.0
1276 1525 1.0
1277 1476 1.0
1277 1533 1.0
1277 2152 1.0
1277 2277 1.0
1277 2470 1.0
1278 1534 1.0
1281 1282 1.0
1281 1346 1.0
1281 1451 1.0
1281 1471 1.0
1281 1604 1.0
1282 1446 1.0
1282 1471 1.0
1282 1494 1.0
1283 1284 1.0
1283 1318 1.0
1283 1547 1.0
1285 1298 1.0
1285 1382 1.0
1287 1397 1.0
1287 1414 1.0
1287 1437 1.0
1288 1414 1.0
1288 1461 1.0
1288 1502 1.0
1288 1593 1.0
1289 1452 1.0
1290 1644 1.0
1290 1712 1.0
1290 1918 1.0
1290 2080 1.0
1290 2169 1.0
1290 2329 1.0
1291 1548 1.0
1293 1592 1.0
1293 1600 1.0
1293 1606 1.0
1293 2284 1.0
1298 1592 1.0
1299 1392 1.0
1300 1320 1.0
1300 1342 1.0
1301 1595 1.0
1301 2346 1.0
1303 2202 1.0
1303 2347 1.0
1304 1354 1.0
1305 1575 1.0
1305 1740 1.0
1306 1310 1.0
1306 1499 1.0
1307 1657 1.0
1308 1503 1.0
1308 1504 1.0
1308 1506 1.0
1308 1507 1.0
1310 1499 1.0
1312 1428 1.0
1312 1622 1.0
1313 1382 1.0
1313 1623 1.0
1313 1655 1.0
1314 1529 1.0
1315 2452 1.0
1315 2595 1.0
1317 1354 1.0
1319 1391 1.0
1322 1622 1.0
1322 2539 1.0
1324 1543 1.0
1324 1747 1.0
1324 2076 1.0
1325 2170 1.0
1325 2309 1.0
1326 1602 1.0
1326 1747 1.0
1326 2144 1.0
1326 2161 1.0
1326 2434 1.0
1327 1569 1.0
1328 1412 1.0
1328 1423 1.0
1328 1513 1.0
1328 1568 1.0
1328 1584 1.0
1328 1644 1.0
1329 1986 1.0
1329 2127 1.0
1333 1369 1.0
1333 1467 1.0
1333 1514 1.0
1333 1708 1.0
1334 1696 1.0
1335 1337 1.0
1335 1339 1.0
1335 1478 1.0
1335 1512 1.0
1335 1607 1.0
1336 1478 1.0
1337 2300 1.0
1337 2343 1.0
1338 1654 1.0
1339 1570 1.0
1339 1678 1.0
1339 2443 1.0
1339 2677 1.0
1342 2454 1.0
1343 1363 1.0
1343 1364 1.0
1343 1456 1.0
1344 1345 1.0
1345 1640 1.0
1346 1451 1.0
1348 1535 1.0
1348 1537 1.0
1351 1498 1.0
1352 1672 1.0
1352 2674 1.0
1353 2302 1.0
1353 2317 1.0
1354 1420 1.0
1354 1426 1.0
1354 1465 1.0
1354 1674 1.0
1354 1680 1.0
1354 1695 1.0
1355 1640 1.0
1355 1648 1.0
1356 1430 1.0
1357 1461 1.0
1357 1511 1.0
1358 1567 1.0
1358 1661 1.0
1361 1463 1.0
1362 2175 1.0
1363 1364 1.0
1363 2168 1.0
1363 2475 1.0
1363 2653 1.0
1364 1469 1.0
1364 1705 1.0
1366 1373 1.0
1366 2239 1.0
1366 2373 1.0
1366 2374 1.0
1366 2413 1.0
1366 2414 1.0
1366 2513 1.0
1366 2562 1.0
1370 2692 1.0
1373 1718 1.0
1374 1548 1.0
1375 1452 1.0
1376 1546 1.0
1376 1727 1.0
1377 1642 1.0
1378 1440 1.0
1378 1540 1.0
1378 2485 1.0
1379 1611 1.0
1380 1611 1.0
1380 1717 1.0
1381 1524 1.0
1383 1384 1.0
1383 1398 1.0
1385 1653 1.0
1385 1706 1.0
1386 1715 1.0
1386 2360 1.0
1388 1586 1.0
1389 2707 1.0
1390 1491 1.0
1393 1397 1.0
1393 1414 1.0
1393 1437 1.0
1393 1502 1.0
1395 1541 1.0
1399 1463 1.0
1401 1554 1.0
1401 2605 1.0
1405 1463 1.0
1406 1463 1.0
1407 1626 1.0
1407 1812 1.0
1408 1921 1.0
1408 1931 1.0
1409 1797 1.0
1409 2220 1.0
1409 2600 1.0
1409 2703 1.0
1411 2203 1.0
1412 1431 1.0
1415 1504 1.0
1415 1506 1.0
1415 1525 1.0
1417 1421 1.0
1418 2499 1.0
1419 1550 1.0
1422 1657 1.0
1423 2583 1.0
1424 1530 1.0
1424 1799 1.0
1425 1550 1.0
1427 1550 1.0
1428 1601 1.0
1428 1622 1.0
1428 2079 1.0
1428 2229 1.0
1428 2329 1.0
1428 2424 1.0
1428 2493 1.0
1428 2539 1.0
1428 2617 1.0
1429 1601 1.0
1430 1484 1.0
1432 1573 1.0
1437 1593 1.0
1441 1638 1.0
1441 1717 1.0
1442 1444 1.0
1442 1445 1.0
1443 1540 1.0
1447 1515 1.0
1447 1581 1.0
1448 1621 1.0
1450 1710 1.0
1451 1604 1.0
1455 1685 1.0
1455 1694 1.0
1456 1469 1.0
1457 1462 1.0
1458 1714 1.0
1459 1540 1.0
1459 1687 1.0
1459 2078 1.0
1459 2221 1.0
1459 2404 1.0
1461 1593 1.0
1462 1657 1.0
1463 1512 1.0
1464 1470 1.0
1466 1650 1.0
1469 1661 1.0
1469 1705 1.0
1471 1501 1.0
1471 1633 1.0
1473 1474 1.0
1474 1728 1.0
1475 1642 1.0
1478 2338 1.0
1479 2017 1.0
1479 2543 1.0
1480 1532 1.0
1481 1573 1.0
1482 1484 1.0
1483 1498 1.0
1483 2052 1.0
1483 2060 1.0
1484 1500 1.0
1484 1521 1.0
1484 1522 1.0
1484 1692 1.0
1486 1569 1.0
1487 1528 1.0
1487 1532 1.0
1488 1490 1.0
1488 1668 1.0
1491 1605 1.0
1492 1724 1.0
1493 1732 1.0
1498 1534 1.0
1498 2158 1.0
1498 2398 1.0
1498 2450 1.0
1500 2180 1.0
1503 1504 1.0
1503 1507 1.0
1503 1525 1.0
1504 1506 1.0
1504 1507 1.0
1504 1525 1.0
1505 2560 1.0
1506 1507 1.0
1506 1525 1.0
1508 1724 1.0
1510 2057 1.0
1512 1608 1.0
1512 1671 1.0
1513 1812 1.0
1515 1581 1.0
1515 1711 1.0
1517 1612 1.0
1518 1536 1.0
1520 1524 1.0
1520 1526 1.0
1520 1709 1.0
1524 1526 1.0
1527 1543 1.0
1527 1747 1.0
1527 1894 1.0
1527 2076 1.0
1527 2088 1.0
1527 2166 1.0
1527 2221 1.0
1527 2420 1.0
1527 2524 1.0
1527 2525 1.0
1527 2561 1.0
1530 2089 1.0
1533 1730 1.0
1534 1556 1.0
1534 1597 1.0
1535 1537 1.0
1536 1728 1.0
1536 2504 1.0
1537 1556 1.0
1538 1724 1.0
1539 2091 1.0
1545 1582 1.0
1545 1909 1.0
1549 1602 1.0
1550 1555 1.0
1550 1624 1.0
1552 1553 1.0
1552 1554 1.0
1553 1554 1.0
1557 1649 1.0
1557 1687 1.0
1558 2564 1.0
1559 1664 1.0
1559 1683 1.0
1559 1697 1.0
1559 1703 1.0
1559 1791 1.0
1559 2658 1.0
1560 2198 1.0
1562 1637 1.0
1564 1672 1.0
1566 1567 1.0
1569 1587 1.0
1569 1609 1.0
1569 1679 1.0
1569 1684 1.0
1569 1721 1.0
1569 1726 1.0
1570 1678 1.0
1571 2202 1.0
1572 1598 1.0
1573 1673 1.0
1573 2174 1.0
1576 1595 1.0
1577 1580 1.0
1578 1622 1.0
1578 1651 1.0
1580 1625 1.0
1581 1711 1.0
1582 1908 1.0
1582 1909 1.0
1582 2017 1.0
1582 2677 1.0
1583 2396 1.0
1583 2563 1.0
1584 1626 1.0
1584 2037 1.0
1584 2151 1.0
1588 2334 1.0
1591 1701 1.0
1592 1734 1.0
1595 1657 1.0
1595 1776 1.0
1595 1824 1.0
1595 1862 1.0
1595 1863 1.0
1595 1964 1.0
1595 2346 1.0
1595 2675 1.0
1599 1697 1.0
1601 1644 1.0
1601 2423 1.0
1603 2089 1.0
1606 2381 1.0
1608 2225 1.0
1613 1614 1.0
1613 1619 1.0
1614 1619 1.0
1615 1639 1.0
1618 2343 1.0
1619 1722 1.0
1619 1723 1.0
1626 1698 1.0
1626 1735 1.0
1631 2330 1.0
1631 2407 1.0
1631 2598 1.0
1631 2604 1.0
1632 1687 1.0
1635 1706 1.0
1636 1684 1.0
1636 2074 1.0
1640 2706 1.0
1643 1649 1.0
1644 1732 1.0
1644 1862 1.0
1644 1863 1.0
1644 1964 1.0
1644 2364 1.0
1644 2409 1.0
1644 2423 1.0
1644 2484 1.0
1644 2614 1.0
1644 2616 1.0
1647 1684 1.0
1647 1908 1.0
1647 2074 1.0
1647 2586 1.0
1647 2615 1.0
1649 1687 1.0
1652 1659 1.0
1656 1710 1.0
1656 1822 1.0
1656 2357 1.0
1663 1756 1.0
1663 2504 1.0
1664 1697 1.0
1667 1697 1.0
1668 1910 1.0
1668 2378 1.0
1668 2535 1.0
1674 1680 1.0
1679 1726 1.0
1681 1682 1.0
1683 1697 1.0
1684 1726 1.0
1686 2282 1.0
1686 2426 1.0
1689 1738 1.0
1690 1736 1.0
1696 1769 1.0
1696 1771 1.0
1696 1872 1.0
1696 1943 1.0
1696 1971 1.0
1696 2175 1.0
1696 2250 1.0
1696 2330 1.0
1697 1703 1.0
1698 2597 1.0
1699 2656 1.0
1705 2356 1.0
1713 1716 1.0
1713 1870 1.0
1713 1978 1.0
1713 1982 1.0
1713 1991 1.0
1713 1992 1.0
1713 2002 1.0
1713 2153 1.0
1713 2510 1.0
1715 1734 1.0
1716 1982 1.0
1716 1991 1.0
1716 2153 1.0
1718 1867 1.0
1718 2138 1.0
1718 2413 1.0
1718 2414 1.0
1718 2582 1.0
1719 1911 1.0
1719 2175 1.0
1719 2261 1.0
1719 2363 1.0
1722 1723 1.0
1728 1775 1.0
1732 2225 1.0
1732 2423 1.0
1736 1737 1.0
1741 1841 1.0
1742 2456 1.0
1743 2192 1.0
1744 2041 1.0
1745 2175 1.0
1745 2641 1.0
1746 1948 1.0
1747 2160 1.0
1747 2434 1.0
1747 2559 1.0
1748 2182 1.0
1749 2164 1.0
1750 2106 1.0
1751 2691 1.0
1752 2706 1.0
1753 2268 1.0
1754 1867 1.0
1754 1869 1.0
1755 2432 1.0
1756 2603 1.0
1756 2613 1.0
1757 1842 1.0
1757 2221 1.0
1757 2341 1.0
1758 2412 1.0
1759 2288 1.0
1759 2697 1.0
1759 2698 1.0
1760 1879 1.0
1761 2208 1.0
1762 2495 1.0
1762 2694 1.0
1763 2611 1.0
1764 1770 1.0
1764 1938 1.0
1765 1770 1.0
1765 1938 1.0
1766 1810 1.0
1767 2257 1.0
1768 2257 1.0
1769 2330 1.0
1770 1938 1.0
1771 1775 1.0
1771 1872 1.0
1772 2307 1.0
1772 2351 1.0
1773 2545 1.0
1774 1891 1.0
1774 1968 1.0
1774 2619 1.0
1775 1793 1.0
1775 1795 1.0
1775 2082 1.0
1775 2116 1.0
1776 2543 1.0
1777 1802 1.0
1777 2064 1.0
1778 2024 1.0
1779 2007 1.0
1780 2007 1.0
1781 1819 1.0
1781 2663 1.0
1782 2328 1.0
1783 2348 1.0
1784 2199 1.0
1784 2688 1.0
1784 2705 1.0
1785 2564 1.0
1786 2207 1.0
1787 2499 1.0
1787 2676 1.0
1788 1795 1.0
1788 2178 1.0
1788 2181 1.0
1789 2469 1.0
1790 2334 1.0
1791 1859 1.0
1792 2067 1.0
1793 1795 1.0
1793 2082 1.0
1793 2178 1.0
1793 2181 1.0
1794 1795 1.0
1794 2178 1.0
1794 2545 1.0
1795 2082 1.0
1795 2178 1.0
1795 2181 1.0
1795 2545 1.0
1796 1917 1.0
1796 2001 1.0
1797 2200 1.0
1798 2120 1.0
1799 2205 1.0
1800 1901 1.0
1800 1907 1.0
1800 1994 1.0
1800 1995 1.0
1800 2016 1.0
1801 1814 1.0
1801 1821 1.0
1802 2064 1.0
1803 1913 1.0
1804 1805 1.0
1804 2289 1.0
1805 2289 1.0
1806 2279 1.0
1806 2570 1.0
1807 2490 1.0
1808 2210 1.0
1809 2071 1.0
1809 2585 1.0
1811 2410 1.0
1812 2364 1.0
1813 1818 1.0
1813 2393 1.0
1815 2670 1.0
1815 2671 1.0
1816 1934 1.0
1816 2485 1.0
1817 2464 1.0
1818 2029 1.0
1818 2073 1.0
1819 2580 1.0
1820 2383 1.0
1820 2569 1.0
1822 2662 1.0
1823 2487 1.0
1823 2580 1.0
1824 2006 1.0
1824 2675 1.0
1825 1966 1.0
1826 2630 1.0
1827 1962 1.0
1827 2083 1.0
1827 2110 1.0
1827 2224 1.0
1828 2014 1.0
1828 2018 1.0
1829 2421 1.0
1830 2466 1.0
1830 2585 1.0
1831 1832 1.0
1831 1836 1.0
1832 1836 1.0
1832 2334 1.0
1833 2367 1.0
1834 1905 1.0
1835 2011 1.0
1835 2182 1.0
1836 2334 1.0
1837 2132 1.0
1838 1908 1.0
1838 2380 1.0
1838 2514 1.0
1839 2688 1.0
1839 2705 1.0
1840 2688 1.0
1840 2705 1.0
1842 2341 1.0
1843 2626 1.0
1844 1845 1.0
1844 1979 1.0
1845 1979 1.0
1846 1847 1.0
1846 1927 1.0
1846 2537 1.0
1847 1927 1.0
1848 2483 1.0
1849 2163 1.0
1850 2554 1.0
1851 1896 1.0
1852 2592 1.0
1853 1861 1.0
1853 2320 1.0
1854 1855 1.0
1854 1864 1.0
1854 1976 1.0
1854 2048 1.0
1854 2122 1.0
1854 2299 1.0
1854 2482 1.0
1854 2645 1.0
1855 1864 1.0
1855 2075 1.0
1855 2122 1.0
1855 2299 1.0
1855 2482 1.0
1856 2421 1.0
1857 2020 1.0
1857 2540 1.0
1857 2681 1.0
1858 2481 1.0
1858 2528 1.0
1860 2428 1.0
1860 2430 1.0
1860 2658 1.0
1862 1863 1.0
1862 1964 1.0
1862 2675 1.0
1863 1964 1.0
1864 2122 1.0
1864 2276 1.0
1865 2107 1.0
1866 2272 1.0
1868 2421 1.0
1869 2409 1.0
1870 2362 1.0
1871 2499 1.0
1873 1998 1.0
1874 1920 1.0
1875 1891 1.0
1875 2439 1.0
1875 2553 1.0
1876 2634 1.0
1877 2215 1.0
1878 2571 1.0
1878 2624 1.0
1879 2355 1.0
1880 2302 1.0
1881 2449 1.0
1881 2450 1.0
1882 1989 1.0
1883 2177 1.0
1884 1885 1.0
1884 1886 1.0
1884 1902 1.0
1885 1886 1.0
1885 1902 1.0
1886 1902 1.0
1887 1902 1.0
1887 2258 1.0
1888 2427 1.0
1889 2586 1.0
1889 2648 1.0
1890 2039 1.0
1892 2131 1.0
1893 1895 1.0
1893 1908 1.0
1894 2144 1.0
1894 2524 1.0
1896 2393 1.0
1897 2146 1.0
1897 2182 1.0
1898 2108 1.0
1898 2140 1.0
1899 2292 1.0
1900 2492 1.0
1901 2301 1.0
1903 2612 1.0
1904 2556 1.0
1906 2421 1.0
1907 1995 1.0
1907 2301 1.0
1908 2514 1.0
1908 2561 1.0
1909 2677 1.0
1910 2081 1.0
1910 2159 1.0
1910 2242 1.0
1910 2366 1.0
1910 2375 1.0
1910 2416 1.0
1910 2488 1.0
1910 2506 1.0
1910 2575 1.0
1910 2661 1.0
1911 2087 1.0
1911 2206 1.0
1912 1932 1.0
1914 2176 1.0
1915 1981 1.0
1915 2497 1.0
1916 2400 1.0
1917 2334 1.0
1918 2329 1.0
1919 2426 1.0
1919 2431 1.0
1921 1931 1.0
1921 2402 1.0
1922 2026 1.0
1923 1928 1.0
1923 2114 1.0
1923 2227 1.0
1924 2040 1.0
1924 2327 1.0
1925 2133 1.0
1925 2206 1.0
1925 2392 1.0
1926 1941 1.0
1927 2537 1.0
1928 2114 1.0
1928 2124 1.0
1928 2570 1.0
1929 2349 1.0
1930 2512 1.0
1931 2277 1.0
1931 2402 1.0
1931 2624 1.0
1932 2024 1.0
1933 2660 1.0
1934 2463 1.0
1935 2340 1.0
1935 2499 1.0
1936 1943 1.0
1937 2293 1.0
1939 2307 1.0
1940 2175 1.0
1940 2220 1.0
1940 2250 1.0
1942 2573 1.0
1944 2091 1.0
1945 1993 1.0
1946 2516 1.0
1947 2557 1.0
1949 1960 1.0
1950 2220 1.0
1950 2226 1.0
1951 2303 1.0
1952 2029 1.0
1952 2393 1.0
1952 2396 1.0
1953 2107 1.0
1954 2150 1.0
1954 2183 1.0
1954 2222 1.0
1955 2149 1.0
1955 2190 1.0
1955 2194 1.0
1956 2527 1.0
1956 2649 1.0
1957 2536 1.0
1958 2220 1.0
1958 2226 1.0
1959 2259 1.0
1961 2100 1.0
1961 2527 1.0
1962 2509 1.0
1963 2195 1.0
1964 2675 1.0
1965 2089 1.0
1967 2346 1.0
1968 2619 1.0
1969 2051 1.0
1969 2200 1.0
1969 2309 1.0
1969 2363 1.0
1970 2486 1.0
1971 2211 1.0
1972 2620 1.0
1973 2451 1.0
1974 2227 1.0
1975 2408 1.0
1975 2655 1.0
1975 2689 1.0
1977 2153 1.0
1977 2219 1.0
1977 2318 1.0
1977 2510 1.0
1978 2510 1.0
1980 2202 1.0
1980 2457 1.0
1981 2491 1.0
1982 2153 1.0
1983 2078 1.0
1984 2206 1.0
1984 2379 1.0
1985 2065 1.0
1986 2338 1.0
1986 2462 1.0
1987 2607 1.0
1988 2401 1.0
1990 2093 1.0
1991 2510 1.0
1992 2153 1.0
1993 2546 1.0
1994 1995 1.0
1994 2097 1.0
1994 2241 1.0
1995 2097 1.0
1996 1997 1.0
1999 2003 1.0
1999 2515 1.0
2000 2115 1.0
2002 2153 1.0
2002 2510 1.0
2003 2515 1.0
2004 2040 1.0
2004 2360 1.0
2005 2345 1.0
2008 2022 1.0
2008 2153 1.0
2008 2219 1.0
2009 2534 1.0
2010 2447 1.0
2011 2182 1.0
2011 2633 1.0
2012 2135 1.0
2013 2382 1.0
2014 2018 1.0
2015 2034 1.0
2015 2092 1.0
2015 2327 1.0
2017 2677 1.0
2019 2147 1.0
2021 2218 1.0
2021 2428 1.0
2022 2153 1.0
2022 2219 1.0
2023 2135 1.0
2025 2153 1.0
2025 2377 1.0
2025 2693 1.0
2026 2552 1.0
2027 2409 1.0
2028 2653 1.0
2029 2393 1.0
2030 2077 1.0
2030 2128 1.0
2030 2130 1.0
2030 2131 1.0
2030 2316 1.0
2030 2659 1.0
2031 2171 1.0
2032 2171 1.0
2033 2622 1.0
2034 2327 1.0
2035 2303 1.0
2036 2696 1.0
2037 2151 1.0
2038 2692 1.0
2039 2254 1.0
2040 2360 1.0
2042 2428 1.0
2043 2270 1.0
2044 2683 1.0
2045 2550 1.0
2046 2107 1.0
2047 2111 1.0
2049 2218 1.0
2049 2306 1.0
2049 2410 1.0
2050 2378 1.0
2052 2062 1.0
2053 2054 1.0
2053 2685 1.0
2053 2690 1.0
2054 2685 1.0
2055 2352 1.0
2056 2095 1.0
2057 2215 1.0
2057 2465 1.0
2057 2695 1.0
2058 2232 1.0
2059 2651 1.0
2060 2062 1.0
2061 2062 1.0
2062 2066 1.0
2063 2494 1.0
2065 2086 1.0
2066 2674 1.0
2068 2228 1.0
2069 2434 1.0
2070 2602 1.0
2070 2640 1.0
2072 2227 1.0
2074 2607 1.0
2074 2615 1.0
2076 2559 1.0
2078 2406 1.0
2078 2474 1.0
2079 2609 1.0
2080 2329 1.0
2080 2609 1.0
2081 2159 1.0
2081 2366 1.0
2082 2178 1.0
2082 2545 1.0
2083 2511 1.0
2084 2615 1.0
2085 2228 1.0
2087 2175 1.0
2087 2261 1.0
2088 2167 1.0
2088 2524 1.0
2088 2525 1.0
2090 2530 1.0
2091 2438 1.0
2091 2617 1.0
2094 2164 1.0
2095 2230 1.0
2096 2142 1.0
2098 2099 1.0
2098 2156 1.0
2100 2527 1.0
2101 2470 1.0
2102 2664 1.0
2103 2334 1.0
2104 2302 1.0
2105 2621 1.0
2106 2649 1.0
2107 2496 1.0
2107 2571 1.0
2107 2574 1.0
2108 2140 1.0
2109 2185 1.0
2111 2302 1.0
2112 2572 1.0
2113 2586 1.0
2113 2623 1.0
2114 2124 1.0
2116 2125 1.0
2117 2639 1.0
2118 2442 1.0
2119 2154 1.0
2121 2212 1.0
2123 2482 1.0
2126 2213 1.0
2126 2339 1.0
2126 2426 1.0
2126 2591 1.0
2127 2338 1.0
2128 2479 1.0
2129 2454 1.0
2131 2319 1.0
2133 2199 1.0
2133 2206 1.0
2134 2644 1.0
2135 2333 1.0
2135 2583 1.0
2136 2148 1.0
2137 2508 1.0
2138 2285 1.0
2139 2220 1.0
2139 2226 1.0
2140 2292 1.0
2141 2418 1.0
2141 2511 1.0
2143 2181 1.0
2145 2408 1.0
2146 2182 1.0
2147 2498 1.0
2147 2499 1.0
2149 2188 1.0
2149 2190 1.0
2149 2194 1.0
2150 2179 1.0
2150 2183 1.0
2150 2222 1.0
2150 2305 1.0
2151 2342 1.0
2152 2429 1.0
2153 2219 1.0
2153 2318 1.0
2153 2699 1.0
2155 2467 1.0
2157 2565 1.0
2158 2449 1.0
2159 2661 1.0
2160 2434 1.0
2161 2167 1.0
2162 2586 1.0
2162 2599 1.0
2164 2521 1.0
2165 2193 1.0
2165 2363 1.0
2166 2167 1.0
2166 2524 1.0
2168 2350 1.0
2169 2420 1.0
2170 2237 1.0
2172 2692 1.0
2173 2204 1.0
2174 2687 1.0
2175 2206 1.0
2175 2249 1.0
2175 2250 1.0
2175 2259 1.0
2175 2361 1.0
2176 2535 1.0
2178 2181 1.0
2178 2545 1.0
2178 2582 1.0
2179 2183 1.0
2180 2577 1.0
2182 2633 1.0
2183 2305 1.0
2184 2398 1.0
2186 2321 1.0
2187 2314 1.0
2187 2321 1.0
2188 2189 1.0
2188 2190 1.0
2188 2194 1.0
2189 2190 1.0
2189 2194 1.0
2189 2365 1.0
2190 2194 1.0
2190 2365 1.0
2191 2275 1.0
2196 2267 1.0
2197 2342 1.0
2198 2537 1.0
2198 2695 1.0
2200 2703 1.0
2201 2233 1.0
2202 2638 1.0
2203 2397 1.0
2203 2405 1.0
2206 2261 1.0
2206 2379 1.0
2208 2234 1.0
2208 2235 1.0
2208 2313 1.0
2209 2689 1.0
2213 2253 1.0
2213 2290 1.0
2213 2539 1.0
2214 2223 1.0
2215 2650 1.0
2216 2361 1.0
2216 2688 1.0
2216 2705 1.0
2217 2282 1.0
2218 2337 1.0
2220 2226 1.0
2220 2252 1.0
2220 2478 1.0
2220 2563 1.0
2220 2600 1.0
2221 2404 1.0
2225 2423 1.0
2226 2478 1.0
2227 2390 1.0
2229 2663 1.0
2231 2635 1.0
2236 2262 1.0
2236 2435 1.0
2236 2542 1.0
2237 2274 1.0
2238 2271 1.0
2239 2413 1.0
2239 2414 1.0
2239 2507 1.0
2239 2513 1.0
2240 2466 1.0
2242 2458 1.0
2242 2661 1.0
2243 2244 1.0
2243 2245 1.0
2245 2471 1.0
2246 2356 1.0
2246 2475 1.0
2247 2263 1.0
2247 2701 1.0
2248 2296 1.0
2249 2271 1.0
2250 2271 1.0
2251 2296 1.0
2252 2271 1.0
2252 2277 1.0
2253 2591 1.0
2254 2347 1.0
2255 2412 1.0
2256 2597 1.0
2257 2444 1.0
2259 2261 1.0
2259 2271 1.0
2260 2501 1.0
2262 2435 1.0
2262 2542 1.0
2263 2701 1.0
2264 2519 1.0
2265 2347 1.0
2266 2421 1.0
2268 2275 1.0
2268 2445 1.0
2269 2277 1.0
2273 2360 1.0
2275 2445 1.0
2275 2522 1.0
2277 2624 1.0
2278 2284 1.0
2279 2579 1.0
2280 2286 1.0
2281 2429 1.0
2282 2426 1.0
2283 2284 1.0
2285 2311 1.0
2287 2315 1.0
2288 2697 1.0
2290 2291 1.0
2294 2380 1.0
2294 2529 1.0
2295 2667 1.0
2297 2304 1.0
2298 2518 1.0
2300 2636 1.0
2301 2588 1.0
2306 2594 1.0
2308 2652 1.0
2310 2583 1.0
2310 2607 1.0
2311 2448 1.0
2312 2587 1.0
2316 2659 1.0
2317 2429 1.0
2317 2624 1.0
2319 2479 1.0
2320 2511 1.0
2321 2370 1.0
2322 2498 1.0
2322 2499 1.0
2322 2500 1.0
2323 2419 1.0
2324 2326 1.0
2325 2538 1.0
2329 2589 1.0
2330 2598 1.0
2330 2604 1.0
2331 2694 1.0
2332 2334 1.0
2333 2583 1.0
2334 2353 1.0
2335 2378 1.0
2336 2579 1.0
2337 2606 1.0
2337 2610 1.0
2338 2443 1.0
2338 2677 1.0
2341 2425 1.0
2342 2577 1.0
2342 2593 1.0
2343 2443 1.0
2344 2707 1.0
2345 2418 1.0
2345 2511 1.0
2348 2682 1.0
2354 2360 1.0
2354 2455 1.0
2357 2499 1.0
2358 2503 1.0
2359 2520 1.0
2362 2510 1.0
2365 2668 1.0
2366 2458 1.0
2366 2506 1.0
2366 2575 1.0
2367 2577 1.0
2368 2642 1.0
2369 2607 1.0
2371 2489 1.0
2372 2398 1.0
2372 2489 1.0
2373 2374 1.0
2373 2413 1.0
2373 2414 1.0
2373 2507 1.0
2374 2507 1.0
2374 2513 1.0
2375 2416 1.0
2375 2661 1.0
2376 2422 1.0
2376 2499 1.0
2376 2500 1.0
2380 2514 1.0
2380 2561 1.0
2381 2667 1.0
2384 2460 1.0
2385 2499 1.0
2385 2676 1.0
2386 2387 1.0
2388 2575 1.0
2389 2421 1.0
2391 2427 1.0
2391 2548 1.0
2394 2427 1.0
2395 2665 1.0
2396 2563 1.0
2397 2405 1.0
2398 2399 1.0
2399 2626 1.0
2403 2581 1.0
2407 2704 1.0
2409 2543 1.0
2409 2672 1.0
2411 2666 1.0
2415 2530 1.0
2416 2506 1.0
2417 2532 1.0
2418 2511 1.0
2421 2590 1.0
2421 2654 1.0
2422 2499 1.0
2422 2500 1.0
2423 2627 1.0
2423 2657 1.0
2424 2589 1.0
2425 2474 1.0
2426 2431 1.0
2426 2493 1.0
2427 2548 1.0
2427 2591 1.0
2429 2624 1.0
2429 2667 1.0
2430 2647 1.0
2431 2591 1.0
2433 2437 1.0
2436 2649 1.0
2440 2543 1.0
2441 2585 1.0
2446 2451 1.0
2448 2526 1.0
2449 2450 1.0
2452 2595 1.0
2453 2666 1.0
2458 2506 1.0
2459 2606 1.0
2461 2492 1.0
2467 2468 1.0
2470 2643 1.0
2470 2646 1.0
2472 2476 1.0
2473 2551 1.0
2477 2678 1.0
2480 2485 1.0
2482 2645 1.0
2484 2614 1.0
2484 2616 1.0
2486 2586 1.0
2492 2547 1.0
2495 2694 1.0
2496 2571 1.0
2498 2499 1.0
2498 2500 1.0
2498 2567 1.0
2499 2500 1.0
2499 2505 1.0
2502 2605 1.0
2504 2667 1.0
2506 2575 1.0
2506 2661 1.0
2508 2577 1.0
2509 2618 1.0
2514 2558 1.0
2517 2533 1.0
2521 2529 1.0
2523 2684 1.0
2531 2566 1.0
2536 2629 1.0
2541 2673 1.0
2543 2674 1.0
2544 2568 1.0
2549 2608 1.0
2555 2560 1.0
2562 2595 1.0
2576 2678 1.0
2578 2679 1.0
2584 2632 1.0
2596 2669 1.0
2596 2680 1.0
2596 2686 1.0
2601 2631 1.0
2606 2611 1.0
2606 2662 1.0
2612 2625 1.0
2614 2616 1.0
2624 2702 1.0
2626 2656 1.0
2628 2629 1.0
2637 2652 1.0
2643 2646 1.0
2647 2658 1.0
2695 2696 1.0
2697 2698 1.0
2697 2700 1.0
2698 2700 1.0
