0 99 1.0
0 111 1.0
0 380 1.0
0 414 1.0
0 513 1.0
0 583 1.0
0 688 1.0
0 689 1.0
0 781 1.0
0 782 1.0
0 950 1.0
0 1295 1.0
0 1910 1.0
1 152 1.0
1 730 1.0
1 1925 1.0
1 2362 1.0
1 2375 1.0
2 958 1.0
3 632 1.0
4 586 1.0
5 36 1.0
5 63 1.0
5 97 1.0
5 601 1.0
5 913 1.0
5 945 1.0
6 20 1.0
6 64 1.0
6 661 1.0
6 680 1.0
7 389 1.0
7 614 1.0
7 997 1.0
7 1000 1.0
8 865 1.0
8 1974 1.0
9 157 1.0
9 201 1.0
9 259 1.0
9 557 1.0
9 818 1.0
9 966 1.0
10 389 1.0
10 439 1.0
11 386 1.0
11 941 1.0
12 507 1.0
12 775 1.0
12 1733 1.0
13 249 1.0
14 542 1.0
14 865 1.0
14 1622 1.0
15 389 1.0
16 144 1.0
17 487 1.0
17 599 1.0
17 661 1.0
17 830 1.0
18 59 1.0
18 844 1.0
19 494 1.0
20 661 1.0
21 678 1.0
21 1670 1.0
22 117 1.0
22 302 1.0
22 334 1.0
22 389 1.0
22 454 1.0
22 468 1.0
22 597 1.0
22 666 1.0
22 697 1.0
22 896 1.0
23 308 1.0
23 702 1.0
24 126 1.0
24 391 1.0
24 405 1.0
24 683 1.0
24 943 1.0
24 948 1.0
25 69 1.0
25 295 1.0
25 356 1.0
25 460 1.0
25 653 1.0
25 681 1.0
25 885 1.0
26 86 1.0
26 262 1.0
26 1626 1.0
27 392 1.0
28 48 1.0
28 54 1.0
28 105 1.0
28 106 1.0
28 152 1.0
28 274 1.0
28 389 1.0
28 421 1.0
28 521 1.0
28 631 1.0
28 712 1.0
28 746 1.0
28 983 1.0
28 995 1.0
29 738 1.0
29 790 1.0
29 791 1.0
29 816 1.0
29 856 1.0
30 470 1.0
30 504 1.0
30 1198 1.0
30 1234 1.0
30 1277 1.0
30 1642 1.0
30 1779 1.0
30 1979 1.0
30 2052 1.0
30 2136 1.0
31 296 1.0
31 470 1.0
31 644 1.0
31 730 1.0
31 777 1.0
31 879 1.0
31 1277 1.0
31 1352 1.0
31 1484 1.0
31 1732 1.0
31 2069 1.0
31 2188 1.0
31 2635 1.0
31 2739 1.0
31 2775 1.0
31 2981 1.0
32 590 1.0
32 663 1.0
32 684 1.0
32 685 1.0
32 695 1.0
32 842 1.0
33 259 1.0
34 179 1.0
34 365 1.0
34 571 1.0
34 695 1.0
34 697 1.0
34 826 1.0
34 827 1.0
34 1580 1.0
35 92 1.0
35 499 1.0
35 641 1.0
35 812 1.0
36 97 1.0
36 273 1.0
36 328 1.0
36 659 1.0
36 913 1.0
37 79 1.0
37 181 1.0
37 309 1.0
37 443 1.0
37 826 1.0
37 1262 1.0
37 1716 1.0
37 2441 1.0
38 641 1.0
39 487 1.0
39 1006 1.0
40 145 1.0
40 147 1.0
40 176 1.0
40 410 1.0
40 479 1.0
40 619 1.0
40 623 1.0
40 658 1.0
40 844 1.0
40 846 1.0
41 417 1.0
41 2738 1.0
42 486 1.0
42 487 1.0
42 642 1.0
43 844 1.0
44 630 1.0
44 676 1.0
44 865 1.0
45 731 1.0
45 749 1.0
46 844 1.0
47 212 1.0
47 776 1.0
48 106 1.0
48 421 1.0
48 746 1.0
49 844 1.0
50 761 1.0
51 317 1.0
51 354 1.0
51 355 1.0
51 363 1.0
51 389 1.0
51 437 1.0
51 438 1.0
51 469 1.0
51 480 1.0
51 481 1.0
51 482 1.0
51 515 1.0
51 595 1.0
51 614 1.0
51 745 1.0
51 1001 1.0
52 610 1.0
53 160 1.0
53 308 1.0
54 67 1.0
54 183 1.0
54 274 1.0
54 389 1.0
54 421 1.0
54 521 1.0
54 697 1.0
54 712 1.0
54 746 1.0
54 952 1.0
54 994 1.0
54 995 1.0
55 967 1.0
55 968 1.0
55 2183 1.0
55 3226 1.0
56 171 1.0
56 504 1.0
56 1487 1.0
56 1814 1.0
56 3238 1.0
57 156 1.0
57 1122 1.0
57 1248 1.0
57 1529 1.0
57 1601 1.0
57 1628 1.0
57 1674 1.0
57 1761 1.0
57 1969 1.0
58 179 1.0
58 301 1.0
58 389 1.0
58 413 1.0
58 438 1.0
58 552 1.0
58 695 1.0
59 602 1.0
59 844 1.0
60 442 1.0
60 584 1.0
61 940 1.0
61 982 1.0
62 800 1.0
62 2565 1.0
63 97 1.0
63 273 1.0
63 328 1.0
63 659 1.0
63 913 1.0
63 945 1.0
64 91 1.0
64 209 1.0
64 238 1.0
64 567 1.0
64 641 1.0
65 151 1.0
65 217 1.0
65 265 1.0
65 873 1.0
65 988 1.0
66 330 1.0
67 105 1.0
67 175 1.0
67 290 1.0
67 614 1.0
67 712 1.0
67 746 1.0
67 994 1.0
67 995 1.0
67 996 1.0
68 300 1.0
69 264 1.0
69 275 1.0
69 295 1.0
69 337 1.0
69 354 1.0
69 355 1.0
69 371 1.0
69 460 1.0
69 504 1.0
69 515 1.0
70 629 1.0
70 657 1.0
70 748 1.0
71 189 1.0
71 2485 1.0
72 672 1.0
73 891 1.0
74 987 1.0
75 494 1.0
76 672 1.0
77 733 1.0
77 811 1.0
77 913 1.0
78 504 1.0
78 532 1.0
78 730 1.0
79 103 1.0
79 277 1.0
79 459 1.0
79 826 1.0
79 1015 1.0
79 1716 1.0
79 2437 1.0
79 2646 1.0
79 3111 1.0
80 268 1.0
80 1538 1.0
81 844 1.0
82 389 1.0
82 656 1.0
83 273 1.0
83 641 1.0
84 741 1.0
84 982 1.0
85 365 1.0
85 389 1.0
85 617 1.0
85 695 1.0
85 696 1.0
85 697 1.0
86 261 1.0
86 271 1.0
86 459 1.0
86 460 1.0
86 537 1.0
86 583 1.0
86 624 1.0
86 767 1.0
86 795 1.0
86 1002 1.0
87 595 1.0
88 151 1.0
88 153 1.0
88 265 1.0
88 777 1.0
88 778 1.0
88 902 1.0
88 1276 1.0
88 1986 1.0
88 1987 1.0
88 2060 1.0
89 544 1.0
89 546 1.0
89 786 1.0
90 473 1.0
90 859 1.0
90 1623 1.0
91 680 1.0
91 793 1.0
93 446 1.0
93 761 1.0
93 798 1.0
94 284 1.0
94 372 1.0
94 373 1.0
94 389 1.0
94 438 1.0
94 443 1.0
94 444 1.0
95 569 1.0
95 572 1.0
95 696 1.0
95 2883 1.0
96 910 1.0
96 993 1.0
97 328 1.0
97 659 1.0
97 945 1.0
98 389 1.0
98 697 1.0
99 721 1.0
99 928 1.0
99 948 1.0
100 678 1.0
101 540 1.0
102 266 1.0
103 271 1.0
103 363 1.0
103 389 1.0
104 128 1.0
104 130 1.0
104 133 1.0
104 139 1.0
105 175 1.0
105 179 1.0
105 274 1.0
105 421 1.0
105 521 1.0
105 697 1.0
105 712 1.0
105 746 1.0
105 994 1.0
105 995 1.0
106 183 1.0
106 274 1.0
106 290 1.0
106 389 1.0
106 421 1.0
106 441 1.0
106 521 1.0
106 552 1.0
106 697 1.0
106 712 1.0
106 746 1.0
106 994 1.0
106 995 1.0
107 264 1.0
107 275 1.0
107 337 1.0
107 371 1.0
107 501 1.0
108 172 1.0
108 382 1.0
108 836 1.0
108 1489 1.0
108 2112 1.0
109 322 1.0
109 845 1.0
110 582 1.0
112 914 1.0
113 381 1.0
114 328 1.0
115 567 1.0
115 669 1.0
116 409 1.0
118 380 1.0
118 808 1.0
119 632 1.0
120 641 1.0
120 812 1.0
120 814 1.0
120 863 1.0
121 262 1.0
121 296 1.0
121 470 1.0
121 1000 1.0
121 2710 1.0
122 309 1.0
122 545 1.0
122 666 1.0
122 667 1.0
123 878 1.0
124 820 1.0
125 242 1.0
125 615 1.0
126 296 1.0
126 470 1.0
127 636 1.0
128 587 1.0
129 181 1.0
129 1492 1.0
129 2343 1.0
130 587 1.0
131 562 1.0
132 322 1.0
132 1093 1.0
133 587 1.0
133 689 1.0
134 318 1.0
134 369 1.0
134 608 1.0
134 713 1.0
134 714 1.0
135 641 1.0
135 807 1.0
135 812 1.0
136 329 1.0
136 415 1.0
137 485 1.0
137 844 1.0
138 494 1.0
138 729 1.0
139 587 1.0
140 143 1.0
140 417 1.0
140 998 1.0
141 415 1.0
141 471 1.0
141 495 1.0
142 702 1.0
143 145 1.0
143 280 1.0
143 415 1.0
143 452 1.0
143 820 1.0
143 998 1.0
144 471 1.0
144 496 1.0
144 540 1.0
144 820 1.0
145 229 1.0
145 415 1.0
145 417 1.0
145 820 1.0
145 904 1.0
146 389 1.0
146 455 1.0
146 924 1.0
147 229 1.0
148 149 1.0
148 324 1.0
148 325 1.0
148 635 1.0
148 914 1.0
148 1503 1.0
148 1693 1.0
149 325 1.0
149 635 1.0
149 914 1.0
149 1503 1.0
149 1693 1.0
150 389 1.0
150 596 1.0
151 265 1.0
151 290 1.0
151 564 1.0
151 571 1.0
152 274 1.0
152 290 1.0
152 389 1.0
152 421 1.0
152 521 1.0
152 697 1.0
152 712 1.0
152 746 1.0
153 290 1.0
153 389 1.0
153 459 1.0
153 482 1.0
154 389 1.0
154 697 1.0
155 389 1.0
155 697 1.0
156 289 1.0
156 639 1.0
157 566 1.0
157 581 1.0
157 966 1.0
158 284 1.0
158 290 1.0
158 503 1.0
158 545 1.0
159 594 1.0
159 751 1.0
159 851 1.0
159 976 1.0
160 308 1.0
161 780 1.0
162 289 1.0
163 352 1.0
163 948 1.0
164 860 1.0
165 654 1.0
165 729 1.0
166 290 1.0
166 363 1.0
166 389 1.0
166 438 1.0
166 461 1.0
166 606 1.0
166 637 1.0
166 797 1.0
167 606 1.0
168 292 1.0
169 286 1.0
169 305 1.0
169 347 1.0
169 493 1.0
169 519 1.0
169 843 1.0
170 505 1.0
170 815 1.0
171 504 1.0
171 1163 1.0
171 1922 1.0
172 383 1.0
172 513 1.0
172 836 1.0
173 409 1.0
173 508 1.0
174 478 1.0
175 389 1.0
175 828 1.0
175 983 1.0
175 994 1.0
176 229 1.0
177 227 1.0
177 231 1.0
177 235 1.0
178 266 1.0
178 296 1.0
178 437 1.0
178 470 1.0
178 571 1.0
178 644 1.0
178 777 1.0
178 1070 1.0
178 1277 1.0
178 1642 1.0
178 1909 1.0
178 1979 1.0
179 302 1.0
179 389 1.0
179 570 1.0
179 686 1.0
179 696 1.0
179 715 1.0
179 840 1.0
179 983 1.0
180 844 1.0
181 277 1.0
181 389 1.0
181 522 1.0
182 184 1.0
182 451 1.0
182 603 1.0
182 2193 1.0
182 3068 1.0
183 421 1.0
183 537 1.0
183 584 1.0
183 692 1.0
183 695 1.0
183 712 1.0
183 995 1.0
183 996 1.0
183 1244 1.0
183 1753 1.0
183 3199 1.0
184 603 1.0
184 2613 1.0
184 2818 1.0
184 2996 1.0
184 3214 1.0
185 844 1.0
185 962 1.0
186 844 1.0
187 529 1.0
187 789 1.0
187 812 1.0
188 390 1.0
188 482 1.0
190 408 1.0
190 659 1.0
190 844 1.0
191 605 1.0
192 756 1.0
192 757 1.0
192 758 1.0
193 264 1.0
193 371 1.0
193 421 1.0
193 444 1.0
193 3073 1.0
194 751 1.0
195 388 1.0
195 969 1.0
196 645 1.0
196 895 1.0
197 415 1.0
198 604 1.0
198 2818 1.0
199 389 1.0
199 580 1.0
200 382 1.0
200 836 1.0
200 1489 1.0
200 2112 1.0
201 254 1.0
201 384 1.0
201 385 1.0
201 386 1.0
201 582 1.0
201 652 1.0
201 844 1.0
201 929 1.0
201 930 1.0
202 238 1.0
202 273 1.0
202 659 1.0
203 648 1.0
203 941 1.0
204 668 1.0
205 506 1.0
205 1620 1.0
206 498 1.0
207 494 1.0
207 657 1.0
208 346 1.0
208 639 1.0
209 278 1.0
209 680 1.0
210 657 1.0
211 389 1.0
211 438 1.0
211 959 1.0
212 292 1.0
212 395 1.0
212 396 1.0
212 446 1.0
212 869 1.0
213 652 1.0
213 857 1.0
214 670 1.0
215 290 1.0
215 682 1.0
216 589 1.0
216 613 1.0
216 722 1.0
217 723 1.0
217 730 1.0
217 1242 1.0
217 1484 1.0
217 1716 1.0
217 2091 1.0
217 2380 1.0
217 2610 1.0
217 3249 1.0
218 389 1.0
218 679 1.0
219 617 1.0
220 389 1.0
221 921 1.0
222 706 1.0
223 695 1.0
224 651 1.0
225 629 1.0
225 982 1.0
226 751 1.0
227 294 1.0
227 304 1.0
228 623 1.0
229 410 1.0
229 479 1.0
229 619 1.0
229 623 1.0
230 389 1.0
230 679 1.0
231 294 1.0
231 304 1.0
232 291 1.0
232 389 1.0
232 419 1.0
233 363 1.0
233 389 1.0
233 569 1.0
234 590 1.0
234 737 1.0
234 1063 1.0
234 1221 1.0
234 1561 1.0
235 294 1.0
235 304 1.0
236 975 1.0
237 606 1.0
238 497 1.0
238 641 1.0
238 680 1.0
238 702 1.0
239 385 1.0
239 582 1.0
239 616 1.0
239 652 1.0
239 792 1.0
239 929 1.0
240 409 1.0
240 629 1.0
240 657 1.0
241 820 1.0
241 844 1.0
241 975 1.0
242 615 1.0
243 363 1.0
243 389 1.0
243 438 1.0
243 482 1.0
243 545 1.0
243 923 1.0
244 720 1.0
244 1005 1.0
245 808 1.0
245 2533 1.0
246 804 1.0
246 930 1.0
246 999 1.0
247 389 1.0
247 679 1.0
248 387 1.0
249 689 1.0
250 301 1.0
250 363 1.0
250 372 1.0
250 437 1.0
250 516 1.0
250 666 1.0
250 667 1.0
250 697 1.0
250 743 1.0
250 1944 1.0
251 289 1.0
252 363 1.0
252 389 1.0
252 438 1.0
252 482 1.0
252 545 1.0
252 923 1.0
253 389 1.0
254 652 1.0
255 446 1.0
256 554 1.0
256 571 1.0
257 940 1.0
258 363 1.0
258 389 1.0
258 438 1.0
258 482 1.0
258 545 1.0
258 923 1.0
259 289 1.0
260 522 1.0
261 271 1.0
261 372 1.0
261 470 1.0
261 539 1.0
261 671 1.0
261 778 1.0
261 795 1.0
261 884 1.0
262 282 1.0
262 310 1.0
262 343 1.0
262 423 1.0
262 424 1.0
262 425 1.0
262 459 1.0
262 564 1.0
262 683 1.0
262 766 1.0
262 767 1.0
262 794 1.0
262 838 1.0
263 721 1.0
263 813 1.0
264 500 1.0
264 501 1.0
264 565 1.0
264 653 1.0
264 885 1.0
265 296 1.0
265 683 1.0
265 730 1.0
265 902 1.0
265 2068 1.0
265 3139 1.0
266 778 1.0
267 559 1.0
267 666 1.0
268 875 1.0
269 865 1.0
270 486 1.0
270 487 1.0
270 610 1.0
270 641 1.0
270 642 1.0
270 688 1.0
271 284 1.0
271 309 1.0
271 470 1.0
271 515 1.0
271 778 1.0
271 825 1.0
271 884 1.0
272 431 1.0
272 432 1.0
273 733 1.0
273 913 1.0
274 468 1.0
274 617 1.0
274 695 1.0
274 952 1.0
274 983 1.0
274 996 1.0
274 1244 1.0
275 462 1.0
275 470 1.0
275 553 1.0
275 578 1.0
275 579 1.0
275 653 1.0
275 825 1.0
275 885 1.0
275 898 1.0
275 899 1.0
276 947 1.0
277 309 1.0
277 443 1.0
277 826 1.0
277 1170 1.0
277 1262 1.0
277 1716 1.0
277 2441 1.0
278 357 1.0
278 2275 1.0
278 2927 1.0
278 2958 1.0
278 2959 1.0
279 323 1.0
279 349 1.0
279 914 1.0
280 417 1.0
280 418 1.0
280 582 1.0
280 820 1.0
280 858 1.0
281 629 1.0
282 310 1.0
283 428 1.0
283 730 1.0
283 1507 1.0
284 355 1.0
284 444 1.0
284 470 1.0
284 695 1.0
284 893 1.0
284 2459 1.0
285 542 1.0
285 543 1.0
286 336 1.0
286 673 1.0
286 690 1.0
286 843 1.0
287 613 1.0
287 914 1.0
288 730 1.0
289 781 1.0
289 782 1.0
290 316 1.0
290 335 1.0
290 355 1.0
290 444 1.0
290 461 1.0
290 469 1.0
290 481 1.0
290 500 1.0
290 515 1.0
290 588 1.0
290 638 1.0
290 671 1.0
290 681 1.0
290 692 1.0
290 706 1.0
290 744 1.0
290 923 1.0
290 924 1.0
290 1706 1.0
290 3080 1.0
292 395 1.0
292 396 1.0
292 649 1.0
292 776 1.0
293 586 1.0
294 474 1.0
294 533 1.0
294 600 1.0
294 632 1.0
294 730 1.0
294 769 1.0
294 879 1.0
295 446 1.0
295 653 1.0
295 1003 1.0
296 503 1.0
296 539 1.0
296 795 1.0
296 800 1.0
296 1227 1.0
296 2968 1.0
297 762 1.0
297 1006 1.0
298 467 1.0
298 646 1.0
299 417 1.0
300 2229 1.0
301 363 1.0
301 437 1.0
301 438 1.0
301 744 1.0
301 802 1.0
301 908 1.0
302 389 1.0
302 696 1.0
302 839 1.0
303 632 1.0
304 428 1.0
304 1506 1.0
304 1702 1.0
305 613 1.0
306 844 1.0
307 865 1.0
307 1974 1.0
309 516 1.0
309 572 1.0
309 697 1.0
310 2092 1.0
310 2505 1.0
310 2506 1.0
311 314 1.0
312 314 1.0
312 641 1.0
312 659 1.0
312 847 1.0
313 314 1.0
313 641 1.0
313 659 1.0
315 409 1.0
315 620 1.0
316 389 1.0
317 389 1.0
317 480 1.0
317 595 1.0
318 786 1.0
319 728 1.0
319 734 1.0
319 735 1.0
319 1005 1.0
320 823 1.0
321 683 1.0
322 511 1.0
322 512 1.0
322 513 1.0
323 325 1.0
323 635 1.0
323 1503 1.0
323 1693 1.0
324 325 1.0
324 635 1.0
324 914 1.0
324 1503 1.0
324 1693 1.0
325 349 1.0
325 589 1.0
325 635 1.0
325 914 1.0
325 1503 1.0
325 1693 1.0
326 635 1.0
326 914 1.0
326 1503 1.0
326 1693 1.0
327 615 1.0
327 659 1.0
327 944 1.0
328 659 1.0
328 819 1.0
328 913 1.0
328 944 1.0
329 657 1.0
331 438 1.0
331 595 1.0
331 797 1.0
331 2324 1.0
332 720 1.0
333 388 1.0
333 754 1.0
335 389 1.0
335 596 1.0
336 673 1.0
337 462 1.0
337 470 1.0
337 553 1.0
337 578 1.0
337 579 1.0
337 653 1.0
337 825 1.0
337 885 1.0
337 898 1.0
337 899 1.0
338 811 1.0
338 1848 1.0
338 2763 1.0
338 3107 1.0
339 508 1.0
340 865 1.0
340 1381 1.0
340 1553 1.0
340 3205 1.0
341 769 1.0
342 866 1.0
342 1795 1.0
343 2544 1.0
344 854 1.0
345 476 1.0
346 717 1.0
347 628 1.0
347 641 1.0
347 845 1.0
347 978 1.0
348 572 1.0
348 573 1.0
348 617 1.0
348 1172 1.0
349 514 1.0
349 613 1.0
349 627 1.0
349 981 1.0
350 353 1.0
350 415 1.0
350 2553 1.0
351 352 1.0
351 353 1.0
351 2557 1.0
352 353 1.0
352 420 1.0
353 1946 1.0
353 2243 1.0
353 2386 1.0
353 2553 1.0
353 2554 1.0
353 2559 1.0
353 2560 1.0
353 2735 1.0
354 355 1.0
354 363 1.0
354 389 1.0
354 438 1.0
354 482 1.0
354 745 1.0
354 770 1.0
354 972 1.0
354 973 1.0
354 1000 1.0
355 389 1.0
355 743 1.0
355 745 1.0
355 771 1.0
356 885 1.0
357 358 1.0
359 360 1.0
359 418 1.0
359 820 1.0
361 967 1.0
362 389 1.0
362 763 1.0
363 364 1.0
363 381 1.0
363 438 1.0
363 461 1.0
363 469 1.0
363 480 1.0
363 481 1.0
363 482 1.0
363 515 1.0
363 516 1.0
363 522 1.0
363 524 1.0
363 548 1.0
363 671 1.0
363 695 1.0
363 699 1.0
363 704 1.0
363 743 1.0
363 744 1.0
363 775 1.0
363 802 1.0
363 907 1.0
363 908 1.0
363 915 1.0
364 438 1.0
364 797 1.0
364 1000 1.0
364 2423 1.0
365 697 1.0
365 698 1.0
366 487 1.0
367 487 1.0
368 476 1.0
368 649 1.0
369 1332 1.0
370 892 1.0
371 500 1.0
371 501 1.0
371 653 1.0
371 885 1.0
371 1003 1.0
372 373 1.0
372 443 1.0
372 444 1.0
372 2440 1.0
372 2967 1.0
372 2968 1.0
373 443 1.0
373 444 1.0
373 761 1.0
374 514 1.0
374 628 1.0
375 671 1.0
376 671 1.0
376 997 1.0
376 2352 1.0
377 943 1.0
377 1625 1.0
377 2321 1.0
377 2568 1.0
378 676 1.0
378 950 1.0
379 535 1.0
380 603 1.0
380 604 1.0
380 682 1.0
380 711 1.0
381 389 1.0
381 390 1.0
381 438 1.0
382 383 1.0
382 513 1.0
382 836 1.0
383 513 1.0
383 836 1.0
384 385 1.0
385 582 1.0
385 929 1.0
386 433 1.0
386 647 1.0
386 648 1.0
387 577 1.0
387 674 1.0
388 466 1.0
388 577 1.0
388 582 1.0
388 634 1.0
388 754 1.0
388 933 1.0
388 969 1.0
389 390 1.0
389 413 1.0
389 443 1.0
389 444 1.0
389 449 1.0
389 454 1.0
389 455 1.0
389 461 1.0
389 469 1.0
389 480 1.0
389 481 1.0
389 482 1.0
389 503 1.0
389 506 1.0
389 515 1.0
389 516 1.0
389 522 1.0
389 524 1.0
389 548 1.0
389 555 1.0
389 571 1.0
389 574 1.0
389 595 1.0
389 606 1.0
389 617 1.0
389 656 1.0
389 666 1.0
389 667 1.0
389 671 1.0
389 678 1.0
389 692 1.0
389 695 1.0
389 696 1.0
389 698 1.0
389 699 1.0
389 700 1.0
389 704 1.0
389 706 1.0
389 709 1.0
389 725 1.0
389 742 1.0
389 744 1.0
389 770 1.0
389 771 1.0
389 797 1.0
389 800 1.0
389 802 1.0
389 810 1.0
389 877 1.0
389 893 1.0
389 896 1.0
389 903 1.0
389 907 1.0
389 926 1.0
389 996 1.0
390 797 1.0
391 590 1.0
391 911 1.0
392 936 1.0
393 505 1.0
393 844 1.0
393 935 1.0
393 936 1.0
394 396 1.0
395 396 1.0
395 721 1.0
395 776 1.0
396 650 1.0
396 776 1.0
397 818 1.0
398 947 1.0
399 400 1.0
399 401 1.0
399 404 1.0
399 691 1.0
399 913 1.0
400 401 1.0
400 403 1.0
400 404 1.0
400 691 1.0
400 3131 1.0
401 3133 1.0
402 403 1.0
402 404 1.0
402 629 1.0
403 404 1.0
403 691 1.0
403 1338 1.0
403 1849 1.0
403 3131 1.0
404 691 1.0
404 2121 1.0
405 787 1.0
406 810 1.0
407 515 1.0
408 844 1.0
409 410 1.0
409 568 1.0
409 620 1.0
409 971 1.0
410 629 1.0
411 820 1.0
412 606 1.0
412 2443 1.0
412 2831 1.0
413 438 1.0
414 949 1.0
415 417 1.0
415 452 1.0
415 498 1.0
415 876 1.0
415 999 1.0
416 452 1.0
416 808 1.0
416 820 1.0
417 452 1.0
417 820 1.0
417 998 1.0
420 1145 1.0
420 1257 1.0
420 1638 1.0
420 1679 1.0
421 468 1.0
421 552 1.0
421 584 1.0
421 631 1.0
421 712 1.0
421 983 1.0
421 1889 1.0
422 948 1.0
423 425 1.0
424 425 1.0
426 761 1.0
427 671 1.0
427 888 1.0
428 599 1.0
428 730 1.0
428 1167 1.0
428 1403 1.0
428 1404 1.0
428 1506 1.0
428 1702 1.0
428 1713 1.0
429 730 1.0
430 865 1.0
430 922 1.0
431 432 1.0
431 703 1.0
431 852 1.0
431 912 1.0
431 1415 1.0
432 912 1.0
433 505 1.0
434 844 1.0
435 844 1.0
436 437 1.0
436 515 1.0
436 709 1.0
437 438 1.0
437 743 1.0
438 443 1.0
438 444 1.0
438 480 1.0
438 481 1.0
438 482 1.0
438 515 1.0
438 516 1.0
438 524 1.0
438 595 1.0
438 666 1.0
438 667 1.0
438 678 1.0
438 695 1.0
438 700 1.0
438 745 1.0
438 753 1.0
438 802 1.0
438 868 1.0
438 915 1.0
440 643 1.0
440 772 1.0
440 877 1.0
440 1231 1.0
440 1473 1.0
440 1524 1.0
440 1715 1.0
440 1792 1.0
440 2155 1.0
440 2424 1.0
440 2635 1.0
440 2730 1.0
442 584 1.0
443 444 1.0
445 906 1.0
445 3220 1.0
446 533 1.0
446 742 1.0
446 776 1.0
446 798 1.0
446 918 1.0
446 963 1.0
447 808 1.0
448 449 1.0
449 450 1.0
449 558 1.0
449 708 1.0
449 893 1.0
450 771 1.0
451 603 1.0
453 815 1.0
454 1004 1.0
455 696 1.0
455 924 1.0
456 457 1.0
458 571 1.0
458 695 1.0
459 537 1.0
459 683 1.0
459 1002 1.0
459 2343 1.0
459 3105 1.0
459 3108 1.0
460 885 1.0
461 554 1.0
461 607 1.0
461 826 1.0
463 737 1.0
463 2710 1.0
464 465 1.0
466 765 1.0
468 521 1.0
468 552 1.0
468 584 1.0
468 631 1.0
468 695 1.0
470 503 1.0
470 509 1.0
470 539 1.0
470 554 1.0
470 564 1.0
470 695 1.0
470 730 1.0
470 778 1.0
470 795 1.0
470 800 1.0
470 1070 1.0
470 1164 1.0
470 1194 1.0
470 1227 1.0
470 1352 1.0
470 1378 1.0
470 2206 1.0
470 2775 1.0
470 2968 1.0
471 820 1.0
472 765 1.0
472 820 1.0
473 859 1.0
473 1956 1.0
474 475 1.0
474 556 1.0
474 740 1.0
476 751 1.0
476 947 1.0
477 865 1.0
480 481 1.0
480 482 1.0
480 614 1.0
480 696 1.0
480 745 1.0
480 1000 1.0
480 1001 1.0
481 695 1.0
482 515 1.0
482 524 1.0
482 595 1.0
482 700 1.0
482 704 1.0
482 706 1.0
482 915 1.0
482 923 1.0
483 844 1.0
484 485 1.0
486 487 1.0
486 946 1.0
487 488 1.0
487 567 1.0
487 788 1.0
487 831 1.0
487 832 1.0
487 946 1.0
487 951 1.0
487 960 1.0
487 1006 1.0
489 803 1.0
490 633 1.0
491 492 1.0
491 568 1.0
491 629 1.0
492 904 1.0
492 975 1.0
493 765 1.0
493 999 1.0
494 629 1.0
494 657 1.0
494 665 1.0
494 741 1.0
494 932 1.0
494 975 1.0
494 982 1.0
495 594 1.0
498 689 1.0
499 889 1.0
500 501 1.0
500 1000 1.0
500 1003 1.0
501 507 1.0
501 662 1.0
501 753 1.0
501 1000 1.0
501 1003 1.0
502 632 1.0
503 509 1.0
503 745 1.0
504 532 1.0
504 560 1.0
504 730 1.0
505 719 1.0
505 841 1.0
505 844 1.0
505 935 1.0
505 2485 1.0
506 539 1.0
507 653 1.0
508 844 1.0
508 845 1.0
509 564 1.0
510 689 1.0
513 865 1.0
514 627 1.0
514 845 1.0
514 981 1.0
515 697 1.0
515 743 1.0
515 745 1.0
515 770 1.0
515 803 1.0
515 972 1.0
515 973 1.0
515 1000 1.0
516 524 1.0
516 671 1.0
516 868 1.0
517 948 1.0
518 689 1.0
518 812 1.0
518 844 1.0
519 844 1.0
520 614 1.0
520 699 1.0
521 614 1.0
521 617 1.0
521 695 1.0
521 952 1.0
521 983 1.0
521 995 1.0
521 996 1.0
521 1244 1.0
521 1369 1.0
521 1455 1.0
521 1459 1.0
523 967 1.0
524 588 1.0
525 844 1.0
526 844 1.0
527 844 1.0
528 876 1.0
528 2943 1.0
529 530 1.0
529 808 1.0
531 532 1.0
531 730 1.0
532 730 1.0
532 859 1.0
534 562 1.0
535 653 1.0
536 671 1.0
536 767 1.0
538 782 1.0
540 789 1.0
540 844 1.0
541 848 1.0
542 543 1.0
544 546 1.0
544 786 1.0
545 570 1.0
545 571 1.0
545 588 1.0
545 695 1.0
546 982 1.0
547 570 1.0
547 572 1.0
547 573 1.0
547 614 1.0
547 644 1.0
547 696 1.0
549 677 1.0
549 678 1.0
550 635 1.0
550 948 1.0
551 671 1.0
551 1909 1.0
551 1939 1.0
551 2148 1.0
551 2693 1.0
551 2755 1.0
552 828 1.0
552 996 1.0
552 1634 1.0
553 898 1.0
553 899 1.0
554 827 1.0
554 2250 1.0
554 2855 1.0
555 894 1.0
557 751 1.0
559 653 1.0
559 667 1.0
561 702 1.0
562 773 1.0
562 971 1.0
563 849 1.0
564 768 1.0
564 769 1.0
564 800 1.0
565 1642 1.0
567 598 1.0
567 610 1.0
567 680 1.0
567 863 1.0
568 657 1.0
569 614 1.0
569 695 1.0
569 696 1.0
570 571 1.0
570 572 1.0
570 614 1.0
570 695 1.0
570 696 1.0
570 839 1.0
571 687 1.0
571 827 1.0
572 614 1.0
572 695 1.0
572 696 1.0
573 614 1.0
573 696 1.0
573 697 1.0
574 870 1.0
575 961 1.0
575 1847 1.0
575 3156 1.0
576 606 1.0
577 751 1.0
577 786 1.0
578 579 1.0
581 610 1.0
581 844 1.0
585 806 1.0
586 737 1.0
586 948 1.0
589 722 1.0
589 974 1.0
589 1013 1.0
590 613 1.0
590 683 1.0
590 737 1.0
590 1063 1.0
590 1221 1.0
590 1561 1.0
591 593 1.0
591 844 1.0
592 593 1.0
592 844 1.0
593 844 1.0
593 913 1.0
595 606 1.0
596 597 1.0
598 669 1.0
599 832 1.0
601 659 1.0
602 843 1.0
602 847 1.0
603 989 1.0
605 846 1.0
606 637 1.0
606 704 1.0
606 771 1.0
606 893 1.0
607 826 1.0
607 1015 1.0
607 3111 1.0
608 713 1.0
608 1698 1.0
609 611 1.0
609 642 1.0
609 946 1.0
610 951 1.0
610 960 1.0
610 961 1.0
611 951 1.0
612 694 1.0
612 2344 1.0
613 1503 1.0
613 3152 1.0
613 3164 1.0
614 666 1.0
614 692 1.0
614 712 1.0
614 746 1.0
614 994 1.0
614 995 1.0
614 996 1.0
614 1706 1.0
614 2006 1.0
614 3183 1.0
615 659 1.0
615 913 1.0
617 696 1.0
617 697 1.0
617 698 1.0
617 917 1.0
617 1000 1.0
618 619 1.0
618 621 1.0
618 629 1.0
619 621 1.0
619 622 1.0
620 978 1.0
621 622 1.0
621 623 1.0
622 623 1.0
624 2259 1.0
624 2806 1.0
625 821 1.0
626 751 1.0
626 1238 1.0
626 1456 1.0
627 628 1.0
627 981 1.0
629 748 1.0
629 975 1.0
629 976 1.0
629 984 1.0
629 991 1.0
629 999 1.0
629 1005 1.0
630 865 1.0
631 952 1.0
632 747 1.0
632 817 1.0
633 867 1.0
633 957 1.0
636 2999 1.0
637 638 1.0
637 797 1.0
638 797 1.0
639 641 1.0
639 717 1.0
640 982 1.0
641 659 1.0
641 661 1.0
641 680 1.0
641 805 1.0
641 806 1.0
641 812 1.0
641 838 1.0
641 863 1.0
641 890 1.0
641 920 1.0
641 990 1.0
642 1006 1.0
643 877 1.0
643 1625 1.0
644 730 1.0
644 1277 1.0
644 1642 1.0
644 1885 1.0
644 2052 1.0
644 2136 1.0
644 2137 1.0
645 895 1.0
646 2168 1.0
646 2828 1.0
648 953 1.0
649 689 1.0
649 925 1.0
649 982 1.0
651 2856 1.0
652 857 1.0
652 929 1.0
653 1003 1.0
654 655 1.0
655 661 1.0
655 932 1.0
657 658 1.0
657 720 1.0
657 748 1.0
657 874 1.0
657 975 1.0
657 976 1.0
657 982 1.0
657 999 1.0
657 1005 1.0
658 872 1.0
658 982 1.0
659 672 1.0
659 724 1.0
659 733 1.0
659 833 1.0
659 834 1.0
659 849 1.0
659 874 1.0
659 905 1.0
659 913 1.0
659 944 1.0
660 874 1.0
661 829 1.0
661 855 1.0
663 683 1.0
663 725 1.0
663 726 1.0
663 766 1.0
663 2068 1.0
664 665 1.0
666 696 1.0
666 697 1.0
666 699 1.0
666 764 1.0
666 800 1.0
667 697 1.0
670 2399 1.0
670 2414 1.0
671 709 1.0
671 760 1.0
671 800 1.0
671 837 1.0
671 902 1.0
674 2941 1.0
675 676 1.0
675 864 1.0
675 865 1.0
675 1389 1.0
675 1739 1.0
675 1972 1.0
676 864 1.0
676 1739 1.0
676 1972 1.0
677 678 1.0
678 931 1.0
678 1001 1.0
679 2438 1.0
682 949 1.0
682 965 1.0
683 684 1.0
683 685 1.0
683 695 1.0
683 767 1.0
683 842 1.0
683 900 1.0
683 902 1.0
684 767 1.0
684 884 1.0
684 902 1.0
684 1464 1.0
684 1670 1.0
684 1866 1.0
684 2261 1.0
684 2471 1.0
684 2639 1.0
684 2652 1.0
685 767 1.0
685 884 1.0
685 902 1.0
685 1866 1.0
685 2652 1.0
686 839 1.0
688 689 1.0
689 895 1.0
689 932 1.0
689 1005 1.0
690 2622 1.0
692 696 1.0
693 751 1.0
693 1296 1.0
693 1948 1.0
695 696 1.0
695 697 1.0
695 698 1.0
695 746 1.0
695 884 1.0
695 902 1.0
696 698 1.0
696 699 1.0
696 803 1.0
696 901 1.0
697 698 1.0
697 699 1.0
697 712 1.0
697 744 1.0
697 746 1.0
697 753 1.0
697 840 1.0
697 903 1.0
697 983 1.0
697 995 1.0
697 996 1.0
699 797 1.0
701 889 1.0
701 890 1.0
702 749 1.0
702 750 1.0
702 852 1.0
703 1415 1.0
704 770 1.0
704 771 1.0
704 942 1.0
705 706 1.0
705 707 1.0
705 797 1.0
706 707 1.0
706 797 1.0
708 1143 1.0
708 1526 1.0
709 956 1.0
710 748 1.0
710 844 1.0
710 932 1.0
711 796 1.0
712 746 1.0
712 952 1.0
712 983 1.0
712 995 1.0
712 996 1.0
713 2704 1.0
714 2361 1.0
714 2920 1.0
716 874 1.0
718 757 1.0
719 720 1.0
720 785 1.0
721 762 1.0
721 812 1.0
721 814 1.0
721 844 1.0
723 873 1.0
723 988 1.0
723 2322 1.0
723 2379 1.0
725 726 1.0
725 766 1.0
725 964 1.0
726 766 1.0
727 728 1.0
727 735 1.0
727 844 1.0
727 1005 1.0
728 735 1.0
728 844 1.0
728 938 1.0
729 904 1.0
729 975 1.0
730 778 1.0
730 859 1.0
730 873 1.0
730 902 1.0
731 732 1.0
731 852 1.0
732 749 1.0
733 811 1.0
734 735 1.0
735 950 1.0
736 737 1.0
736 787 1.0
736 2635 1.0
738 791 1.0
739 844 1.0
739 1005 1.0
741 975 1.0
743 744 1.0
743 802 1.0
743 803 1.0
743 907 1.0
743 908 1.0
744 745 1.0
744 770 1.0
744 802 1.0
744 803 1.0
745 802 1.0
745 803 1.0
745 907 1.0
745 908 1.0
746 952 1.0
746 983 1.0
746 994 1.0
746 995 1.0
746 996 1.0
746 1753 1.0
748 975 1.0
748 982 1.0
749 750 1.0
749 992 1.0
750 990 1.0
750 992 1.0
751 809 1.0
751 850 1.0
751 871 1.0
752 780 1.0
752 799 1.0
752 800 1.0
752 1249 1.0
755 756 1.0
758 844 1.0
759 844 1.0
760 997 1.0
760 1371 1.0
760 1978 1.0
761 798 1.0
761 803 1.0
761 823 1.0
762 916 1.0
765 820 1.0
766 902 1.0
766 1866 1.0
767 794 1.0
767 1226 1.0
767 1229 1.0
767 1268 1.0
767 2144 1.0
767 2652 1.0
768 769 1.0
768 2993 1.0
768 2994 1.0
770 802 1.0
770 893 1.0
770 908 1.0
772 877 1.0
772 1231 1.0
772 1625 1.0
772 2105 1.0
773 844 1.0
773 854 1.0
774 880 1.0
775 797 1.0
776 869 1.0
777 879 1.0
777 884 1.0
777 1002 1.0
777 1274 1.0
777 1656 1.0
777 1885 1.0
777 2188 1.0
777 2981 1.0
778 1002 1.0
778 1198 1.0
778 1234 1.0
778 1277 1.0
778 1642 1.0
778 1656 1.0
778 1779 1.0
778 1885 1.0
778 1909 1.0
778 1979 1.0
778 2052 1.0
778 2136 1.0
779 855 1.0
779 2559 1.0
780 2611 1.0
780 2612 1.0
783 844 1.0
784 812 1.0
786 844 1.0
786 872 1.0
786 932 1.0
790 791 1.0
790 856 1.0
791 816 1.0
791 856 1.0
793 1785 1.0
793 1801 1.0
793 2362 1.0
797 801 1.0
799 800 1.0
800 902 1.0
800 1000 1.0
802 803 1.0
802 908 1.0
804 2732 1.0
805 807 1.0
805 812 1.0
806 807 1.0
806 812 1.0
808 820 1.0
808 897 1.0
811 913 1.0
812 814 1.0
812 844 1.0
812 845 1.0
812 863 1.0
812 881 1.0
814 844 1.0
814 845 1.0
814 863 1.0
815 998 1.0
816 1700 1.0
819 2563 1.0
819 2966 1.0
820 876 1.0
822 966 1.0
824 844 1.0
824 909 1.0
826 1321 1.0
826 1536 1.0
826 1659 1.0
826 2188 1.0
826 2437 1.0
826 2981 1.0
829 832 1.0
829 883 1.0
832 960 1.0
833 835 1.0
834 835 1.0
840 893 1.0
841 844 1.0
842 2170 1.0
843 845 1.0
843 847 1.0
844 962 1.0
844 976 1.0
844 979 1.0
844 980 1.0
844 992 1.0
845 976 1.0
845 979 1.0
845 980 1.0
845 981 1.0
848 2318 1.0
848 2721 1.0
849 905 1.0
850 1247 1.0
850 1904 1.0
850 2038 1.0
850 3242 1.0
852 1667 1.0
852 2265 1.0
852 2418 1.0
852 2665 1.0
852 3058 1.0
852 3075 1.0
853 874 1.0
854 860 1.0
857 858 1.0
858 2432 1.0
859 1124 1.0
859 1207 1.0
859 1840 1.0
859 1925 1.0
859 1956 1.0
859 1957 1.0
860 861 1.0
860 862 1.0
862 1211 1.0
862 1235 1.0
862 1921 1.0
864 865 1.0
864 1739 1.0
865 922 1.0
866 929 1.0
870 1163 1.0
871 2408 1.0
871 3104 1.0
872 982 1.0
873 988 1.0
873 1242 1.0
873 1484 1.0
873 1716 1.0
873 2091 1.0
873 2379 1.0
873 2380 1.0
873 2610 1.0
873 3249 1.0
874 934 1.0
882 975 1.0
883 1006 1.0
884 1276 1.0
884 1939 1.0
884 1986 1.0
884 1987 1.0
884 2693 1.0
886 887 1.0
888 921 1.0
888 2693 1.0
893 919 1.0
894 3044 1.0
898 899 1.0
898 1000 1.0
902 1226 1.0
902 1229 1.0
902 1957 1.0
902 2068 1.0
902 2148 1.0
902 2261 1.0
902 2639 1.0
902 2640 1.0
902 2652 1.0
902 2693 1.0
902 2993 1.0
902 2994 1.0
902 3139 1.0
911 2622 1.0
914 974 1.0
914 981 1.0
915 923 1.0
916 1006 1.0
917 1000 1.0
917 1001 1.0
923 924 1.0
927 2485 1.0
930 966 1.0
932 975 1.0
932 982 1.0
932 991 1.0
933 934 1.0
933 2973 1.0
935 936 1.0
935 937 1.0
935 2485 1.0
936 2485 1.0
939 940 1.0
939 982 1.0
942 1233 1.0
942 2019 1.0
942 2828 1.0
943 970 1.0
952 995 1.0
952 996 1.0
952 1884 1.0
954 1375 1.0
955 982 1.0
956 2394 1.0
957 1483 1.0
958 3101 1.0
959 2116 1.0
959 2117 1.0
964 965 1.0
965 1699 1.0
967 968 1.0
968 3226 1.0
970 2321 1.0
972 2200 1.0
974 1542 1.0
975 976 1.0
976 982 1.0
976 986 1.0
977 978 1.0
982 991 1.0
983 995 1.0
985 986 1.0
986 990 1.0
989 1713 1.0
989 3038 1.0
990 992 1.0
994 995 1.0
994 996 1.0
995 996 1.0
1000 1331 1.0
1000 1590 1.0
1000 2299 1.0
1001 1192 1.0
1001 1331 1.0
1001 1579 1.0
1001 2823 1.0
1007 1030 1.0
1007 2016 1.0
1007 2017 1.0
1008 2019 1.0
1008 2168 1.0
1009 1292 1.0
1009 1412 1.0
1009 1422 1.0
1009 1538 1.0
1009 1955 1.0
1009 2012 1.0
1010 1054 1.0
1010 1360 1.0
1010 1373 1.0
1010 1375 1.0
1010 1672 1.0
1010 1736 1.0
1011 1231 1.0
1011 1434 1.0
1011 1435 1.0
1011 2080 1.0
1012 2125 1.0
1013 1259 1.0
1013 1542 1.0
1014 1518 1.0
1015 1307 1.0
1015 1349 1.0
1015 1735 1.0
1015 1926 1.0
1015 2052 1.0
1016 1491 1.0
1017 1171 1.0
1018 1896 1.0
1019 1865 1.0
1020 1521 1.0
1021 1409 1.0
1022 1945 1.0
1023 1894 1.0
1024 1044 1.0
1025 1095 1.0
1025 1104 1.0
1025 1243 1.0
1026 1239 1.0
1026 1929 1.0
1027 1482 1.0
1027 1483 1.0
1027 1637 1.0
1027 1862 1.0
1028 2104 1.0
1029 1751 1.0
1029 2002 1.0
1029 2003 1.0
1030 1657 1.0
1030 1658 1.0
1030 1995 1.0
1031 1486 1.0
1032 1480 1.0
1033 1038 1.0
1033 1304 1.0
1033 1608 1.0
1033 1671 1.0
1034 1102 1.0
1034 1169 1.0
1034 1399 1.0
1034 1529 1.0
1034 1628 1.0
1034 1674 1.0
1034 1761 1.0
1035 1207 1.0
1036 1071 1.0
1036 1073 1.0
1036 1304 1.0
1036 1671 1.0
1037 2024 1.0
1038 1608 1.0
1038 1671 1.0
1039 1133 1.0
1039 1818 1.0
1039 1883 1.0
1039 2126 1.0
1039 2152 1.0
1040 1269 1.0
1041 1448 1.0
1041 1696 1.0
1041 1697 1.0
1041 1932 1.0
1041 1942 1.0
1041 1943 1.0
1041 1968 1.0
1041 1990 1.0
1042 1281 1.0
1042 1297 1.0
1042 1515 1.0
1042 1525 1.0
1042 1881 1.0
1042 1891 1.0
1042 2012 1.0
1043 1122 1.0
1043 1437 1.0
1043 1606 1.0
1043 1628 1.0
1043 1671 1.0
1043 1768 1.0
1044 2051 1.0
1045 1163 1.0
1045 1249 1.0
1045 1930 1.0
1046 1248 1.0
1046 2108 1.0
1047 1778 1.0
1048 2122 1.0
1049 1486 1.0
1050 1949 1.0
1050 1950 1.0
1050 1951 1.0
1051 1156 1.0
1052 1249 1.0
1053 1231 1.0
1053 2012 1.0
1054 1360 1.0
1054 1373 1.0
1054 1375 1.0
1054 1725 1.0
1054 1736 1.0
1055 1118 1.0
1056 1369 1.0
1056 1455 1.0
1056 1931 1.0
1057 1369 1.0
1058 1224 1.0
1058 1699 1.0
1059 1801 1.0
1060 1088 1.0
1060 2015 1.0
1061 1166 1.0
1061 1949 1.0
1061 1950 1.0
1061 1951 1.0
1062 1231 1.0
1062 1246 1.0
1063 1204 1.0
1063 1509 1.0
1063 1710 1.0
1063 2102 1.0
1064 2124 1.0
1065 1231 1.0
1065 1494 1.0
1066 1723 1.0
1066 1736 1.0
1066 1973 1.0
1067 2143 1.0
1068 1070 1.0
1068 1382 1.0
1069 1374 1.0
1070 1164 1.0
1070 1215 1.0
1071 1073 1.0
1071 1592 1.0
1072 1521 1.0
1073 1185 1.0
1073 1366 1.0
1073 1592 1.0
1073 1593 1.0
1074 1222 1.0
1074 1240 1.0
1074 1643 1.0
1074 1734 1.0
1074 1813 1.0
1074 1919 1.0
1075 1184 1.0
1075 1190 1.0
1075 1401 1.0
1075 1576 1.0
1075 1649 1.0
1075 1723 1.0
1076 1136 1.0
1076 1938 1.0
1077 1708 1.0
1078 1191 1.0
1078 1368 1.0
1078 1385 1.0
1078 1434 1.0
1078 1435 1.0
1078 1901 1.0
1078 1927 1.0
1078 2080 1.0
1079 2145 1.0
1080 1720 1.0
1081 1474 1.0
1081 1475 1.0
1082 1570 1.0
1083 1231 1.0
1083 1494 1.0
1084 1292 1.0
1084 1342 1.0
1084 1494 1.0
1085 1102 1.0
1085 1169 1.0
1085 1387 1.0
1085 1399 1.0
1085 1601 1.0
1086 1960 1.0
1087 1997 1.0
1088 2014 1.0
1088 2015 1.0
1089 1312 1.0
1089 1668 1.0
1090 1854 1.0
1091 1485 1.0
1091 1868 1.0
1092 1876 1.0
1093 1653 1.0
1094 1759 1.0
1094 1760 1.0
1095 1572 1.0
1095 1626 1.0
1095 1687 1.0
1095 1715 1.0
1095 2092 1.0
1096 1113 1.0
1096 1436 1.0
1096 1602 1.0
1096 1830 1.0
1096 1854 1.0
1096 2119 1.0
1096 2120 1.0
1096 2157 1.0
1096 2158 1.0
1097 1665 1.0
1097 1946 1.0
1098 2090 1.0
1099 1454 1.0
1100 1599 1.0
1101 1127 1.0
1101 1334 1.0
1102 1195 1.0
1102 1399 1.0
1102 1420 1.0
1102 1761 1.0
1102 1768 1.0
1103 1312 1.0
1103 1668 1.0
1104 1396 1.0
1105 1557 1.0
1106 1908 1.0
1107 1940 1.0
1108 1390 1.0
1109 1182 1.0
1109 2046 1.0
1109 2047 1.0
1109 2091 1.0
1110 1378 1.0
1111 1883 1.0
1111 2126 1.0
1112 1149 1.0
1114 2024 1.0
1115 1205 1.0
1115 1251 1.0
1115 1597 1.0
1115 1599 1.0
1115 1808 1.0
1116 1666 1.0
1116 2100 1.0
1117 1682 1.0
1117 2707 1.0
1118 1854 1.0
1119 1455 1.0
1120 1245 1.0
1120 1281 1.0
1120 1297 1.0
1120 1881 1.0
1121 1847 1.0
1123 1581 1.0
1123 1582 1.0
1123 1583 1.0
1124 1623 1.0
1124 1925 1.0
1124 1957 1.0
1125 1812 1.0
1126 1638 1.0
1126 1875 1.0
1127 1850 1.0
1128 2034 1.0
1128 2156 1.0
1129 1417 1.0
1130 1149 1.0
1130 1739 1.0
1131 1489 1.0
1132 1952 1.0
1133 1626 1.0
1133 1792 1.0
1133 2155 1.0
1134 1140 1.0
1134 1708 1.0
1134 1832 1.0
1135 1455 1.0
1136 1243 1.0
1136 1856 1.0
1137 1722 1.0
1138 1968 1.0
1138 2090 1.0
1139 1411 1.0
1139 1476 1.0
1139 2092 1.0
1140 1708 1.0
1141 1384 1.0
1142 1864 1.0
1142 1940 1.0
1143 1385 1.0
1143 1398 1.0
1143 1544 1.0
1143 1679 1.0
1144 1582 1.0
1145 1231 1.0
1145 1257 1.0
1145 1289 1.0
1145 1500 1.0
1145 1501 1.0
1145 1502 1.0
1145 1651 1.0
1145 1901 1.0
1145 2105 1.0
1146 1296 1.0
1146 1948 1.0
1146 2037 1.0
1147 1368 1.0
1147 2908 1.0
1148 1324 1.0
1148 1337 1.0
1148 1621 1.0
1150 1208 1.0
1151 1963 1.0
1152 1487 1.0
1153 1209 1.0
1153 1456 1.0
1153 1564 1.0
1154 1252 1.0
1154 1282 1.0
1155 1364 1.0
1155 2070 1.0
1157 1376 1.0
1157 1511 1.0
1158 1494 1.0
1159 1786 1.0
1160 1779 1.0
1160 2054 1.0
1161 1897 1.0
1162 1517 1.0
1163 1505 1.0
1163 1518 1.0
1163 1537 1.0
1163 2083 1.0
1163 2093 1.0
1164 1215 1.0
1164 1382 1.0
1165 2153 1.0
1165 2156 1.0
1167 1702 1.0
1168 1802 1.0
1168 2314 1.0
1168 2907 1.0
1168 2914 1.0
1169 1195 1.0
1169 1399 1.0
1169 1420 1.0
1169 1761 1.0
1169 1768 1.0
1170 1355 1.0
1170 1380 1.0
1170 2160 1.0
1170 2161 1.0
1171 1886 1.0
1171 1887 1.0
1172 1369 1.0
1173 1860 1.0
1173 1861 1.0
1173 1932 1.0
1174 1402 1.0
1174 1984 1.0
1174 1985 1.0
1175 1191 1.0
1176 1629 1.0
1176 1630 1.0
1177 1534 1.0
1178 1197 1.0
1178 1826 1.0
1178 1827 1.0
1178 1831 1.0
1179 1459 1.0
1180 1523 1.0
1180 1933 1.0
1181 1640 1.0
1181 1797 1.0
1183 1612 1.0
1183 1906 1.0
1184 1576 1.0
1184 1649 1.0
1185 1606 1.0
1186 1225 1.0
1186 1719 1.0
1187 1722 1.0
1188 1541 1.0
1188 1847 1.0
1188 2099 1.0
1189 1672 1.0
1189 1723 1.0
1189 2122 1.0
1192 1580 1.0
1193 1670 1.0
1193 2261 1.0
1193 2471 1.0
1194 1215 1.0
1196 2048 1.0
1197 1831 1.0
1198 1427 1.0
1198 1952 1.0
1198 2135 1.0
1198 2138 1.0
1199 1203 1.0
1200 1838 1.0
1201 1205 1.0
1201 1251 1.0
1201 1597 1.0
1201 1599 1.0
1201 1808 1.0
1202 1347 1.0
1202 1532 1.0
1204 1740 1.0
1205 1808 1.0
1206 2124 1.0
1207 1840 1.0
1207 1925 1.0
1209 1700 1.0
1209 1982 1.0
1209 1992 1.0
1209 1994 1.0
1210 1535 1.0
1211 1408 1.0
1211 1416 1.0
1211 1513 1.0
1211 1667 1.0
1211 1838 1.0
1212 1764 1.0
1213 1455 1.0
1214 1231 1.0
1215 1382 1.0
1216 1890 1.0
1217 1533 1.0
1217 1794 1.0
1217 1798 1.0
1217 2032 1.0
1218 1703 1.0
1218 1704 1.0
1218 1705 1.0
1218 1952 1.0
1218 2086 1.0
1219 1618 1.0
1219 1698 1.0
1219 1997 1.0
1220 1406 1.0
1221 1317 1.0
1221 1561 1.0
1221 1811 1.0
1222 2756 1.0
1223 1451 1.0
1224 1699 1.0
1225 1508 1.0
1225 1801 1.0
1225 2084 1.0
1226 1411 1.0
1226 2144 1.0
1227 1451 1.0
1227 1452 1.0
1228 1514 1.0
1229 1411 1.0
1230 1451 1.0
1230 1543 1.0
1230 1581 1.0
1230 1741 1.0
1230 2013 1.0
1231 1237 1.0
1231 1391 1.0
1231 1494 1.0
1231 1679 1.0
1231 1850 1.0
1231 1881 1.0
1231 2012 1.0
1232 1645 1.0
1233 2019 1.0
1234 1779 1.0
1235 1408 1.0
1235 1667 1.0
1236 1508 1.0
1236 1977 1.0
1236 2759 1.0
1237 1850 1.0
1237 2105 1.0
1238 1456 1.0
1238 1499 1.0
1238 1640 1.0
1238 1698 1.0
1239 1929 1.0
1239 2115 1.0
1240 2063 1.0
1241 1856 1.0
1242 1325 1.0
1243 1531 1.0
1243 1900 1.0
1244 1411 1.0
1247 2037 1.0
1248 1628 1.0
1248 1880 1.0
1249 1518 1.0
1249 1713 1.0
1249 1778 1.0
1249 2031 1.0
1250 2126 1.0
1250 2192 1.0
1251 1808 1.0
1252 1842 1.0
1252 1870 1.0
1253 1698 1.0
1253 1994 1.0
1254 1810 1.0
1255 1685 1.0
1256 1742 1.0
1257 1503 1.0
1257 1638 1.0
1258 1605 1.0
1259 1279 1.0
1260 1868 1.0
1261 1533 1.0
1261 1851 1.0
1262 1716 1.0
1263 1376 1.0
1263 1511 1.0
1263 2107 1.0
1264 1737 1.0
1265 1810 1.0
1266 1855 1.0
1267 1378 1.0
1267 1641 1.0
1268 1334 1.0
1268 1449 1.0
1268 1660 1.0
1268 1706 1.0
1268 2041 1.0
1269 1882 1.0
1270 1615 1.0
1270 1912 1.0
1271 1906 1.0
1271 2085 1.0
1272 2031 1.0
1273 2008 1.0
1274 1964 1.0
1275 1567 1.0
1276 1670 1.0
1276 1840 1.0
1276 1986 1.0
1276 1987 1.0
1277 1732 1.0
1277 1758 1.0
1278 2030 1.0
1279 1411 1.0
1279 1634 1.0
1280 1418 1.0
1280 1497 1.0
1280 1696 1.0
1280 1968 1.0
1280 2038 1.0
1281 1525 1.0
1281 1891 1.0
1281 2628 1.0
1282 1446 1.0
1282 1566 1.0
1283 1771 1.0
1283 1778 1.0
1284 1628 1.0
1284 2022 1.0
1285 1344 1.0
1286 1339 1.0
1287 1844 1.0
1287 1941 1.0
1288 1918 1.0
1289 1500 1.0
1290 1842 1.0
1290 2006 1.0
1291 1882 1.0
1292 1717 1.0
1293 1460 1.0
1293 1762 1.0
1293 1906 1.0
1294 2108 1.0
1295 2067 1.0
1297 1525 1.0
1297 1891 1.0
1297 2628 1.0
1298 1513 1.0
1299 1468 1.0
1300 2068 1.0
1301 1413 1.0
1302 2024 1.0
1302 2025 1.0
1303 1906 1.0
1303 2037 1.0
1305 1478 1.0
1305 1603 1.0
1305 2103 1.0
1306 1978 1.0
1307 1488 1.0
1307 2565 1.0
1308 1390 1.0
1309 1401 1.0
1309 1576 1.0
1309 1577 1.0
1309 1649 1.0
1309 1723 1.0
1309 1727 1.0
1309 1728 1.0
1309 1729 1.0
1310 1617 1.0
1310 1800 1.0
1311 1401 1.0
1313 1629 1.0
1314 1516 1.0
1315 1638 1.0
1316 1555 1.0
1316 1638 1.0
1318 1516 1.0
1319 1675 1.0
1320 1675 1.0
1320 1829 1.0
1321 1536 1.0
1321 1654 1.0
1321 1659 1.0
1321 1787 1.0
1322 1965 1.0
1323 2070 1.0
1324 1433 1.0
1324 1510 1.0
1326 1511 1.0
1327 1333 1.0
1327 1993 1.0
1327 2038 1.0
1327 2099 1.0
1328 2067 1.0
1329 1691 1.0
1329 1795 1.0
1330 1511 1.0
1331 1579 1.0
1331 1821 1.0
1331 1853 1.0
1332 1860 1.0
1334 1553 1.0
1335 1842 1.0
1336 1996 1.0
1336 2044 1.0
1337 1433 1.0
1337 1510 1.0
1338 1407 1.0
1338 1871 1.0
1339 1377 1.0
1339 1879 1.0
1339 1914 1.0
1340 2055 1.0
1341 1479 1.0
1342 1494 1.0
1343 1348 1.0
1343 1953 1.0
1344 2019 1.0
1344 2111 1.0
1345 1973 1.0
1346 1883 1.0
1347 1444 1.0
1347 1532 1.0
1348 1953 1.0
1349 2819 1.0
1350 1363 1.0
1350 1409 1.0
1351 1630 1.0
1351 2049 1.0
1351 2070 1.0
1352 1964 1.0
1352 2739 1.0
1353 1381 1.0
1354 1401 1.0
1354 1576 1.0
1354 1649 1.0
1354 1723 1.0
1354 1727 1.0
1354 1728 1.0
1354 1729 1.0
1355 1894 1.0
1356 1441 1.0
1357 1653 1.0
1358 1751 1.0
1358 1934 1.0
1359 1401 1.0
1359 1723 1.0
1361 1719 1.0
1361 2031 1.0
1362 1401 1.0
1363 1409 1.0
1363 1410 1.0
1363 1471 1.0
1364 2070 1.0
1365 1401 1.0
1366 2127 1.0
1367 1893 1.0
1367 2075 1.0
1369 1405 1.0
1369 1455 1.0
1369 1718 1.0
1369 1967 1.0
1369 2023 1.0
1369 2136 1.0
1370 1629 1.0
1370 1630 1.0
1371 1793 1.0
1372 1441 1.0
1373 1375 1.0
1373 1672 1.0
1373 1736 1.0
1374 1457 1.0
1374 1498 1.0
1374 1598 1.0
1375 1401 1.0
1375 1584 1.0
1376 2066 1.0
1377 1879 1.0
1378 1641 1.0
1378 1642 1.0
1378 1944 1.0
1379 1381 1.0
1380 2161 1.0
1381 1559 1.0
1381 1749 1.0
1381 1750 1.0
1383 1432 1.0
1383 1970 1.0
1383 1971 1.0
1385 1664 1.0
1385 1680 1.0
1386 1575 1.0
1387 1601 1.0
1388 1886 1.0
1389 1530 1.0
1389 2123 1.0
1392 2080 1.0
1392 2961 1.0
1393 1958 1.0
1393 1959 1.0
1393 2007 1.0
1394 1958 1.0
1395 1958 1.0
1395 1959 1.0
1395 2007 1.0
1397 2010 1.0
1399 1768 1.0
1399 1912 1.0
1400 1440 1.0
1401 1577 1.0
1401 1650 1.0
1401 1707 1.0
1401 1723 1.0
1401 1724 1.0
1401 1725 1.0
1401 1728 1.0
1401 1729 1.0
1401 1812 1.0
1401 1911 1.0
1401 1929 1.0
1401 2057 1.0
1401 2122 1.0
1402 1673 1.0
1403 1707 1.0
1404 1506 1.0
1404 1673 1.0
1404 1702 1.0
1404 1737 1.0
1404 1945 1.0
1406 1608 1.0
1406 1671 1.0
1409 1410 1.0
1409 1471 1.0
1411 1426 1.0
1411 2144 1.0
1412 1494 1.0
1412 1717 1.0
1414 1909 1.0
1415 1762 1.0
1415 2244 1.0
1415 2665 1.0
1415 3058 1.0
1416 1757 1.0
1416 1921 1.0
1417 1535 1.0
1417 1647 1.0
1417 1904 1.0
1417 1994 1.0
1418 1535 1.0
1418 1835 1.0
1418 1968 1.0
1418 2038 1.0
1419 1620 1.0
1421 2106 1.0
1422 1538 1.0
1422 1717 1.0
1423 1424 1.0
1425 1852 1.0
1426 2180 1.0
1427 2138 1.0
1428 2138 1.0
1429 1431 1.0
1430 1431 1.0
1430 1996 1.0
1432 1970 1.0
1434 1435 1.0
1434 1439 1.0
1434 1473 1.0
1434 1881 1.0
1435 1439 1.0
1435 1473 1.0
1438 1527 1.0
1438 1528 1.0
1440 2012 1.0
1441 1442 1.0
1441 1443 1.0
1443 1595 1.0
1444 1966 1.0
1445 2106 1.0
1447 1611 1.0
1447 1990 1.0
1448 1465 1.0
1450 2059 1.0
1451 1581 1.0
1452 1543 1.0
1453 1840 1.0
1455 1459 1.0
1455 1753 1.0
1455 1772 1.0
1455 1967 1.0
1456 1640 1.0
1456 1992 1.0
1456 1993 1.0
1458 1583 1.0
1458 2040 1.0
1459 1753 1.0
1460 1868 1.0
1461 2033 1.0
1462 1463 1.0
1464 1670 1.0
1464 2261 1.0
1464 2471 1.0
1465 1696 1.0
1465 1697 1.0
1465 1932 1.0
1465 1942 1.0
1465 1943 1.0
1465 1968 1.0
1465 1990 1.0
1466 1774 1.0
1467 1468 1.0
1467 1578 1.0
1468 1562 1.0
1468 1563 1.0
1469 1909 1.0
1469 2053 1.0
1470 1671 1.0
1470 2024 1.0
1471 1782 1.0
1472 1898 1.0
1473 1682 1.0
1473 2192 1.0
1474 1475 1.0
1474 1653 1.0
1474 2000 1.0
1476 2126 1.0
1477 1666 1.0
1478 2103 1.0
1481 1751 1.0
1482 1785 1.0
1482 1918 1.0
1482 1991 1.0
1483 1637 1.0
1483 1862 1.0
1484 1853 1.0
1485 1701 1.0
1485 2040 1.0
1488 1730 1.0
1489 1570 1.0
1489 2112 1.0
1490 1725 1.0
1491 1738 1.0
1492 2126 1.0
1493 1494 1.0
1494 2012 1.0
1495 1496 1.0
1496 1867 1.0
1498 1920 1.0
1502 1679 1.0
1503 1631 1.0
1504 1692 1.0
1505 1699 1.0
1505 2121 1.0
1506 1702 1.0
1506 1814 1.0
1507 1702 1.0
1508 1719 1.0
1508 1967 1.0
1508 1977 1.0
1509 1740 1.0
1510 2447 1.0
1511 2066 1.0
1512 1513 1.0
1512 2265 1.0
1515 3202 1.0
1517 1770 1.0
1517 1816 1.0
1518 1574 1.0
1518 1922 1.0
1518 2029 1.0
1519 1653 1.0
1520 1753 1.0
1522 2156 1.0
1522 2625 1.0
1522 2974 1.0
1522 3251 1.0
1523 1571 1.0
1523 1996 1.0
1524 1792 1.0
1524 2629 1.0
1525 2629 1.0
1526 1679 1.0
1529 2106 1.0
1533 1534 1.0
1533 1790 1.0
1535 1968 1.0
1535 2038 1.0
1536 2276 1.0
1536 2437 1.0
1538 1717 1.0
1539 1540 1.0
1539 1755 1.0
1541 1954 1.0
1542 2196 1.0
1545 1854 1.0
1546 1547 1.0
1547 1821 1.0
1548 1549 1.0
1549 1639 1.0
1550 1551 1.0
1552 1678 1.0
1553 1660 1.0
1553 1808 1.0
1554 1751 1.0
1556 1557 1.0
1557 1558 1.0
1560 1923 1.0
1562 1594 1.0
1564 1992 1.0
1564 1994 1.0
1565 1904 1.0
1568 1867 1.0
1569 1773 1.0
1569 1923 1.0
1572 2092 1.0
1573 2031 1.0
1573 2836 1.0
1575 1843 1.0
1575 2065 1.0
1576 1649 1.0
1576 1723 1.0
1576 1728 1.0
1577 1649 1.0
1577 1723 1.0
1577 1973 1.0
1578 1621 1.0
1579 1580 1.0
1582 1583 1.0
1583 2040 1.0
1585 1586 1.0
1585 1587 1.0
1586 1587 1.0
1586 1684 1.0
1588 1589 1.0
1590 1591 1.0
1592 1593 1.0
1592 1606 1.0
1592 1677 1.0
1592 1938 1.0
1592 2061 1.0
1595 1819 1.0
1596 1868 1.0
1597 1599 1.0
1600 1886 1.0
1602 1832 1.0
1602 1960 1.0
1604 2142 1.0
1605 1698 1.0
1607 1608 1.0
1607 1765 1.0
1609 1865 1.0
1610 1697 1.0
1610 1810 1.0
1613 2125 1.0
1614 2124 1.0
1616 1807 1.0
1618 1764 1.0
1618 1997 1.0
1619 1721 1.0
1620 1744 1.0
1620 1745 1.0
1620 1937 1.0
1622 1739 1.0
1624 1792 1.0
1624 2155 1.0
1625 1792 1.0
1625 1841 1.0
1626 1818 1.0
1626 1883 1.0
1626 2126 1.0
1626 2152 1.0
1626 2228 1.0
1626 2241 1.0
1627 1745 1.0
1628 1674 1.0
1629 1630 1.0
1629 1965 1.0
1629 2014 1.0
1629 2070 1.0
1630 2001 1.0
1631 1665 1.0
1632 1800 1.0
1633 1746 1.0
1635 1960 1.0
1636 1711 1.0
1638 1873 1.0
1638 1875 1.0
1640 2038 1.0
1641 1642 1.0
1643 1813 1.0
1643 3209 1.0
1644 1858 1.0
1646 1778 1.0
1648 1823 1.0
1649 1723 1.0
1649 1724 1.0
1649 1727 1.0
1649 1728 1.0
1649 1729 1.0
1650 1723 1.0
1652 1653 1.0
1655 1863 1.0
1655 1908 1.0
1656 1909 1.0
1656 1979 1.0
1659 2311 1.0
1659 2437 1.0
1659 2981 1.0
1659 3102 1.0
1660 1850 1.0
1661 1810 1.0
1662 1663 1.0
1665 1946 1.0
1665 1947 1.0
1667 1921 1.0
1669 1716 1.0
1670 1987 1.0
1670 2060 1.0
1672 1723 1.0
1672 2122 1.0
1675 1676 1.0
1676 1868 1.0
1681 1820 1.0
1681 1897 1.0
1681 2163 1.0
1682 1687 1.0
1682 1804 1.0
1682 1881 1.0
1682 2192 1.0
1683 1805 1.0
1683 1980 1.0
1683 1981 1.0
1685 1834 1.0
1686 1800 1.0
1687 1818 1.0
1688 1689 1.0
1690 1917 1.0
1690 3074 1.0
1691 1795 1.0
1693 2045 1.0
1694 1695 1.0
1695 2037 1.0
1696 1697 1.0
1696 2067 1.0
1697 1904 1.0
1697 2067 1.0
1699 2196 1.0
1699 2258 1.0
1700 2718 1.0
1701 2059 1.0
1706 2652 1.0
1708 1709 1.0
1709 1721 1.0
1709 1877 1.0
1712 1739 1.0
1713 1907 1.0
1714 2055 1.0
1715 2092 1.0
1715 2192 1.0
1717 1955 1.0
1717 2012 1.0
1719 1788 1.0
1719 1801 1.0
1719 1806 1.0
1719 2084 1.0
1720 1721 1.0
1723 1724 1.0
1723 1727 1.0
1723 1728 1.0
1723 1729 1.0
1723 1973 1.0
1724 1973 1.0
1725 1736 1.0
1726 1973 1.0
1727 1728 1.0
1727 1729 1.0
1728 1729 1.0
1730 1832 1.0
1730 1833 1.0
1731 1906 1.0
1732 1733 1.0
1732 1758 1.0
1735 1864 1.0
1735 2373 1.0
1739 1972 1.0
1739 1974 1.0
1739 2123 1.0
1743 2093 1.0
1744 1937 1.0
1745 1937 1.0
1747 1825 1.0
1747 1826 1.0
1747 1827 1.0
1748 1775 1.0
1748 1776 1.0
1751 1934 1.0
1751 1935 1.0
1751 2002 1.0
1752 1844 1.0
1752 1941 1.0
1754 1900 1.0
1756 1801 1.0
1759 1760 1.0
1762 1763 1.0
1762 2110 1.0
1763 2110 1.0
1764 1997 1.0
1764 2079 1.0
1766 1772 1.0
1767 1768 1.0
1768 2022 1.0
1769 1784 1.0
1769 2036 1.0
1771 1778 1.0
1773 1923 1.0
1775 1777 1.0
1775 1915 1.0
1775 1916 1.0
1775 2010 1.0
1776 1915 1.0
1776 1916 1.0
1778 1780 1.0
1779 2054 1.0
1780 2345 1.0
1781 1837 1.0
1781 1903 1.0
1781 1915 1.0
1781 1916 1.0
1781 2010 1.0
1783 1785 1.0
1784 1785 1.0
1789 2095 1.0
1790 1798 1.0
1790 2032 1.0
1791 2140 1.0
1792 1841 1.0
1792 2012 1.0
1792 2155 1.0
1796 1797 1.0
1796 2132 1.0
1798 2810 1.0
1799 1962 1.0
1801 1890 1.0
1801 1906 1.0
1802 1803 1.0
1802 2139 1.0
1803 2247 1.0
1803 2914 1.0
1803 2916 1.0
1804 2192 1.0
1805 1980 1.0
1809 1982 1.0
1809 2036 1.0
1813 3209 1.0
1815 1936 1.0
1817 2059 1.0
1818 2126 1.0
1819 2990 1.0
1822 1823 1.0
1823 2141 1.0
1824 1827 1.0
1824 1828 1.0
1825 1826 1.0
1826 1828 1.0
1827 1828 1.0
1835 1988 1.0
1835 2037 1.0
1836 2036 1.0
1836 2037 1.0
1838 1839 1.0
1839 3075 1.0
1840 1925 1.0
1840 1939 1.0
1840 1986 1.0
1840 1987 1.0
1841 2155 1.0
1841 2949 1.0
1841 2962 1.0
1843 1906 1.0
1845 1908 1.0
1846 1858 1.0
1847 1848 1.0
1847 1849 1.0
1847 1954 1.0
1848 2966 1.0
1848 3221 1.0
1849 3221 1.0
1856 1857 1.0
1856 2154 1.0
1857 2662 1.0
1859 1863 1.0
1860 1932 1.0
1860 1933 1.0
1863 1907 1.0
1865 1976 1.0
1866 2068 1.0
1868 2059 1.0
1869 2000 1.0
1872 2088 1.0
1873 1875 1.0
1874 1875 1.0
1876 1932 1.0
1877 1878 1.0
1879 2877 1.0
1883 1884 1.0
1885 1979 1.0
1886 2039 1.0
1887 2927 1.0
1888 1889 1.0
1892 1953 1.0
1892 2020 1.0
1892 2021 1.0
1892 2196 1.0
1895 2036 1.0
1895 2789 1.0
1895 3074 1.0
1897 2163 1.0
1899 1900 1.0
1900 1912 1.0
1902 2130 1.0
1905 1906 1.0
1906 1928 1.0
1906 2011 1.0
1906 2081 1.0
1906 2082 1.0
1906 2101 1.0
1906 2135 1.0
1906 2138 1.0
1906 2146 1.0
1906 2162 1.0
1907 1908 1.0
1909 1979 1.0
1909 2052 1.0
1909 2136 1.0
1909 2148 1.0
1913 2062 1.0
1914 2067 1.0
1915 1916 1.0
1915 2010 1.0
1916 2010 1.0
1917 2065 1.0
1919 2399 1.0
1923 1924 1.0
1932 1933 1.0
1936 1937 1.0
1942 1990 1.0
1942 2067 1.0
1943 1990 1.0
1946 1947 1.0
1952 1960 1.0
1952 2037 1.0
1952 2108 1.0
1954 2099 1.0
1956 1960 1.0
1956 2147 1.0
1958 1959 1.0
1960 2147 1.0
1961 1963 1.0
1962 1965 1.0
1964 1987 1.0
1965 2014 1.0
1966 1967 1.0
1967 2136 1.0
1968 2020 1.0
1968 2021 1.0
1968 2038 1.0
1968 2099 1.0
1969 2022 1.0
1975 1976 1.0
1977 2136 1.0
1983 1985 1.0
1984 1985 1.0
1989 2037 1.0
1990 1991 1.0
1993 1994 1.0
1993 2097 1.0
1994 2038 1.0
1994 2096 1.0
1994 2097 1.0
1994 2099 1.0
1998 1999 1.0
1998 2000 1.0
1999 2000 1.0
2002 2003 1.0
2004 2005 1.0
2009 2066 1.0
2012 2105 1.0
2013 2040 1.0
2016 2028 1.0
2017 2028 1.0
2018 2077 1.0
2020 2021 1.0
2020 2037 1.0
2020 2038 1.0
2021 2037 1.0
2021 2038 1.0
2025 3175 1.0
2026 2027 1.0
2032 2257 1.0
2032 2634 1.0
2034 2035 1.0
2036 2037 1.0
2037 2038 1.0
2037 2062 1.0
2037 2162 1.0
2038 2099 1.0
2040 2059 1.0
2042 2043 1.0
2042 2059 1.0
2042 2132 1.0
2043 2044 1.0
2050 2113 1.0
2052 2053 1.0
2052 2078 1.0
2055 2056 1.0
2058 2085 1.0
2064 2162 1.0
2068 2148 1.0
2069 2070 1.0
2071 2091 1.0
2072 2074 1.0
2073 2074 1.0
2074 2076 1.0
2087 2089 1.0
2088 2089 1.0
2092 2997 1.0
2094 2095 1.0
2096 2097 1.0
2097 2099 1.0
2098 2099 1.0
2109 2162 1.0
2113 2114 1.0
2116 2117 1.0
2116 2118 1.0
2122 2128 1.0
2124 2134 1.0
2129 2130 1.0
2129 2131 1.0
2133 2149 1.0
2135 2137 1.0
2146 2162 1.0
2150 2151 1.0
2153 2156 1.0
2153 2625 1.0
2153 2974 1.0
2153 3251 1.0
2158 2159 1.0
2160 2161 1.0
2164 2864 1.0
2165 2562 1.0
2165 2701 1.0
2166 2187 1.0
2167 2894 1.0
2168 2828 1.0
2169 2488 1.0
2170 2646 1.0
2170 3105 1.0
2171 2289 1.0
2171 2338 1.0
2172 2514 1.0
2173 3089 1.0
2174 2636 1.0
2175 3246 1.0
2176 2286 1.0
2176 2606 1.0
2177 3095 1.0
2178 2475 1.0
2178 2521 1.0
2179 2465 1.0
2180 2220 1.0
2181 2627 1.0
2182 2195 1.0
2183 3226 1.0
2184 2480 1.0
2185 2264 1.0
2186 2565 1.0
2186 2978 1.0
2188 2437 1.0
2188 3111 1.0
2189 2872 1.0
2190 2249 1.0
2190 2727 1.0
2191 2860 1.0
2191 2861 1.0
2192 2644 1.0
2192 2703 1.0
2192 2730 1.0
2192 2928 1.0
2192 3050 1.0
2193 2604 1.0
2193 2818 1.0
2194 3159 1.0
2196 2258 1.0
2196 3038 1.0
2197 2309 1.0
2198 2402 1.0
2198 2451 1.0
2198 2661 1.0
2198 3082 1.0
2199 2228 1.0
2199 2705 1.0
2199 3205 1.0
2200 2808 1.0
2200 3182 1.0
2201 2484 1.0
2202 2997 1.0
2203 2990 1.0
2204 3142 1.0
2205 2370 1.0
2205 3101 1.0
2206 2489 1.0
2206 2635 1.0
2206 3066 1.0
2207 2541 1.0
2208 2248 1.0
2208 2468 1.0
2208 3120 1.0
2209 2532 1.0
2209 2744 1.0
2209 2745 1.0
2209 2975 1.0
2210 2377 1.0
2211 2323 1.0
2211 2774 1.0
2212 2807 1.0
2213 3245 1.0
2214 2569 1.0
2215 2327 1.0
2215 3216 1.0
2216 2515 1.0
2216 2986 1.0
2216 3150 1.0
2217 2664 1.0
2217 3107 1.0
2218 3004 1.0
2218 3005 1.0
2219 2946 1.0
2221 3220 1.0
2222 2969 1.0
2223 3065 1.0
2224 3138 1.0
2225 2657 1.0
2226 2635 1.0
2227 2307 1.0
2227 3027 1.0
2229 2293 1.0
2229 2369 1.0
2229 2460 1.0
2230 2987 1.0
2230 2988 1.0
2231 3136 1.0
2231 3137 1.0
2232 2711 1.0
2233 2761 1.0
2234 2865 1.0
2235 2914 1.0
2235 3122 1.0
2236 3256 1.0
2237 2282 1.0
2237 2852 1.0
2238 2495 1.0
2239 2528 1.0
2240 2834 1.0
2241 2974 1.0
2241 3154 1.0
2242 2453 1.0
2242 2702 1.0
2243 2282 1.0
2243 2406 1.0
2243 2419 1.0
2243 2709 1.0
2244 3075 1.0
2245 2289 1.0
2245 2338 1.0
2246 2391 1.0
2247 2910 1.0
2247 2918 1.0
2250 2855 1.0
2251 2741 1.0
2252 2784 1.0
2253 2355 1.0
2253 3024 1.0
2254 3004 1.0
2255 2575 1.0
2255 2623 1.0
2256 2742 1.0
2256 2960 1.0
2257 3077 1.0
2258 3038 1.0
2259 2806 1.0
2260 2982 1.0
2261 2993 1.0
2262 2715 1.0
2263 2512 1.0
2265 2618 1.0
2266 3094 1.0
2267 2285 1.0
2268 2587 1.0
2268 2588 1.0
2269 2795 1.0
2270 3162 1.0
2271 2294 1.0
2272 2758 1.0
2273 3001 1.0
2274 2793 1.0
2275 2927 1.0
2276 2739 1.0
2277 3141 1.0
2278 2795 1.0
2278 3110 1.0
2279 2728 1.0
2280 3201 1.0
2281 2976 1.0
2283 2853 1.0
2284 2878 1.0
2285 2482 1.0
2287 2983 1.0
2288 2866 1.0
2289 2338 1.0
2290 2794 1.0
2291 2893 1.0
2291 3217 1.0
2292 2513 1.0
2293 3076 1.0
2295 3098 1.0
2295 3099 1.0
2296 3106 1.0
2297 3229 1.0
2298 2733 1.0
2299 2385 1.0
2300 2434 1.0
2301 3238 1.0
2302 2535 1.0
2302 2840 1.0
2302 2841 1.0
2303 2380 1.0
2303 2610 1.0
2304 2602 1.0
2305 2577 1.0
2305 3150 1.0
2306 2795 1.0
2307 3027 1.0
2307 3124 1.0
2308 2566 1.0
2308 2567 1.0
2310 3168 1.0
2311 3102 1.0
2312 3227 1.0
2313 2950 1.0
2314 2914 1.0
2315 2476 1.0
2316 3116 1.0
2316 3237 1.0
2317 3147 1.0
2317 3194 1.0
2318 3070 1.0
2319 2696 1.0
2319 3075 1.0
2320 3012 1.0
2321 2568 1.0
2322 2379 1.0
2322 3113 1.0
2324 2504 1.0
2325 3125 1.0
2326 2433 1.0
2326 2596 1.0
2328 3174 1.0
2329 2823 1.0
2330 2523 1.0
2331 2698 1.0
2331 3143 1.0
2332 2757 1.0
2332 2868 1.0
2333 2966 1.0
2333 3221 1.0
2334 2456 1.0
2335 2539 1.0
2336 2339 1.0
2336 2771 1.0
2337 2904 1.0
2340 2799 1.0
2341 2538 1.0
2342 2802 1.0
2343 2530 1.0
2343 3202 1.0
2344 2859 1.0
2345 2886 1.0
2346 2397 1.0
2347 3232 1.0
2348 3137 1.0
2349 2493 1.0
2350 3023 1.0
2351 2798 1.0
2352 2401 1.0
2352 3090 1.0
2353 2659 1.0
2354 2399 1.0
2355 3160 1.0
2355 3161 1.0
2355 3163 1.0
2356 2923 1.0
2357 2478 1.0
2358 2648 1.0
2358 2649 1.0
2358 2650 1.0
2359 3233 1.0
2360 2600 1.0
2361 3134 1.0
2363 2779 1.0
2364 2835 1.0
2365 2652 1.0
2366 2750 1.0
2367 2718 1.0
2368 2900 1.0
2369 3076 1.0
2370 2466 1.0
2371 2746 1.0
2372 3156 1.0
2373 2376 1.0
2374 3129 1.0
2378 2933 1.0
2378 3249 1.0
2381 2527 1.0
2381 2748 1.0
2381 2749 1.0
2381 2984 1.0
2382 3121 1.0
2383 2919 1.0
2384 2527 1.0
2384 2749 1.0
2386 2553 1.0
2387 2703 1.0
2388 2654 1.0
2389 3222 1.0
2390 2706 1.0
2392 3083 1.0
2393 3204 1.0
2394 2994 1.0
2395 2601 1.0
2396 2929 1.0
2397 2718 1.0
2397 2965 1.0
2398 2889 1.0
2398 2996 1.0
2399 2414 1.0
2400 2846 1.0
2403 2848 1.0
2404 2417 1.0
2405 2721 1.0
2407 3057 1.0
2407 3127 1.0
2408 3104 1.0
2409 2499 1.0
2410 2748 1.0
2410 2984 1.0
2411 3165 1.0
2412 2732 1.0
2413 3187 1.0
2414 3114 1.0
2414 3233 1.0
2415 2442 1.0
2415 2677 1.0
2415 2776 1.0
2415 3191 1.0
2416 2641 1.0
2418 2665 1.0
2418 3058 1.0
2420 3187 1.0
2421 3116 1.0
2421 3117 1.0
2421 3237 1.0
2422 2672 1.0
2423 2501 1.0
2424 2628 1.0
2424 2629 1.0
2425 2537 1.0
2426 3028 1.0
2427 3223 1.0
2428 2871 1.0
2429 2937 1.0
2430 2873 1.0
2431 2939 1.0
2431 2940 1.0
2431 2941 1.0
2432 2813 1.0
2432 2814 1.0
2433 2526 1.0
2433 2596 1.0
2433 3175 1.0
2435 2792 1.0
2436 3103 1.0
2437 2981 1.0
2437 3102 1.0
2437 3111 1.0
2438 2754 1.0
2439 2869 1.0
2440 2639 1.0
2441 2821 1.0
2442 2677 1.0
2442 2776 1.0
2443 2831 1.0
2444 2447 1.0
2445 3149 1.0
2445 3151 1.0
2446 2515 1.0
2448 2889 1.0
2449 2780 1.0
2450 2510 1.0
2452 2681 1.0
2453 2562 1.0
2453 2701 1.0
2454 2985 1.0
2454 3206 1.0
2455 2526 1.0
2457 3183 1.0
2458 2603 1.0
2459 2902 1.0
2460 3076 1.0
2461 2867 1.0
2462 3076 1.0
2463 2557 1.0
2464 3133 1.0
2467 2552 1.0
2469 2890 1.0
2470 2817 1.0
2471 2993 1.0
2472 3240 1.0
2473 2890 1.0
2474 2661 1.0
2477 2824 1.0
2477 2989 1.0
2477 3128 1.0
2479 2914 1.0
2481 2660 1.0
2483 3027 1.0
2485 2610 1.0
2485 2620 1.0
2485 3247 1.0
2486 3004 1.0
2486 3005 1.0
2487 3153 1.0
2490 2571 1.0
2491 3083 1.0
2492 3059 1.0
2493 3059 1.0
2494 2809 1.0
2496 2977 1.0
2497 2531 1.0
2498 3170 1.0
2500 2767 1.0
2501 2773 1.0
2502 2697 1.0
2503 2956 1.0
2505 2506 1.0
2507 2509 1.0
2507 2677 1.0
2507 2973 1.0
2508 2677 1.0
2508 2973 1.0
2509 2973 1.0
2510 2511 1.0
2510 2581 1.0
2510 3076 1.0
2514 2775 1.0
2514 2995 1.0
2515 2986 1.0
2515 3149 1.0
2516 2517 1.0
2516 2863 1.0
2516 2903 1.0
2518 2950 1.0
2519 2950 1.0
2520 3221 1.0
2522 2854 1.0
2523 2570 1.0
2524 2937 1.0
2524 3088 1.0
2525 2957 1.0
2525 2958 1.0
2527 2748 1.0
2527 2749 1.0
2529 3061 1.0
2530 3202 1.0
2531 2691 1.0
2532 2745 1.0
2532 2975 1.0
2533 3071 1.0
2534 2555 1.0
2535 2840 1.0
2535 2841 1.0
2536 2537 1.0
2540 2541 1.0
2542 2722 1.0
2543 2694 1.0
2544 2545 1.0
2546 3140 1.0
2547 2923 1.0
2548 2622 1.0
2548 3164 1.0
2549 3112 1.0
2550 2877 1.0
2551 2605 1.0
2552 2662 1.0
2553 2554 1.0
2554 2735 1.0
2556 2632 1.0
2558 2559 1.0
2558 2560 1.0
2558 2642 1.0
2559 2560 1.0
2561 2710 1.0
2563 2663 1.0
2563 2664 1.0
2564 3242 1.0
2565 3115 1.0
2565 3135 1.0
2566 2567 1.0
2571 2935 1.0
2571 3044 1.0
2572 3060 1.0
2573 2614 1.0
2574 2575 1.0
2574 2670 1.0
2575 2772 1.0
2576 2731 1.0
2577 2585 1.0
2578 2579 1.0
2579 2580 1.0
2582 2724 1.0
2582 2786 1.0
2583 2584 1.0
2586 2588 1.0
2586 2589 1.0
2586 2591 1.0
2587 2588 1.0
2588 2589 1.0
2588 2590 1.0
2589 2590 1.0
2590 2591 1.0
2592 2593 1.0
2594 2822 1.0
2595 2756 1.0
2596 3175 1.0
2596 3239 1.0
2597 2598 1.0
2599 2971 1.0
2601 2687 1.0
2601 3209 1.0
2607 2608 1.0
2609 3017 1.0
2610 2880 1.0
2611 2612 1.0
2613 2996 1.0
2613 3068 1.0
2615 2617 1.0
2616 2617 1.0
2618 3075 1.0
2619 2668 1.0
2619 3038 1.0
2621 2631 1.0
2622 2948 1.0
2624 2679 1.0
2624 3203 1.0
2625 3251 1.0
2626 2656 1.0
2628 2629 1.0
2630 2896 1.0
2633 2634 1.0
2635 2710 1.0
2635 3033 1.0
2637 2677 1.0
2637 3191 1.0
2638 2639 1.0
2638 2640 1.0
2639 3139 1.0
2643 3091 1.0
2644 3050 1.0
2645 2743 1.0
2647 2675 1.0
2648 2649 1.0
2648 2650 1.0
2649 2650 1.0
2651 3243 1.0
2653 2654 1.0
2653 2655 1.0
2654 2655 1.0
2658 2883 1.0
2662 3094 1.0
2665 3058 1.0
2666 3178 1.0
2667 3225 1.0
2669 3233 1.0
2671 2827 1.0
2673 2704 1.0
2673 2938 1.0
2674 2788 1.0
2676 2726 1.0
2677 2776 1.0
2677 3191 1.0
2678 3041 1.0
2680 2898 1.0
2682 2683 1.0
2684 2685 1.0
2686 2968 1.0
2687 3233 1.0
2688 2689 1.0
2690 2709 1.0
2690 2743 1.0
2692 2874 1.0
2693 3123 1.0
2695 2943 1.0
2698 2711 1.0
2698 3143 1.0
2699 2772 1.0
2700 3000 1.0
2707 2843 1.0
2708 3244 1.0
2709 2796 1.0
2709 3031 1.0
2710 3066 1.0
2711 3143 1.0
2712 2713 1.0
2714 3211 1.0
2716 2819 1.0
2717 2850 1.0
2719 2720 1.0
2721 3070 1.0
2723 3016 1.0
2725 2914 1.0
2729 3171 1.0
2730 2949 1.0
2732 3219 1.0
2734 3092 1.0
2736 3224 1.0
2737 3186 1.0
2738 2747 1.0
2740 2741 1.0
2742 3040 1.0
2745 2833 1.0
2745 2975 1.0
2748 2984 1.0
2748 3045 1.0
2751 2752 1.0
2753 2905 1.0
2754 2820 1.0
2755 3155 1.0
2758 2759 1.0
2760 2953 1.0
2762 3190 1.0
2763 3078 1.0
2764 2765 1.0
2766 3043 1.0
2768 2770 1.0
2768 3063 1.0
2768 3064 1.0
2769 2770 1.0
2772 3079 1.0
2777 2778 1.0
2781 2782 1.0
2783 2850 1.0
2785 2887 1.0
2787 2934 1.0
2789 3074 1.0
2790 2836 1.0
2791 3166 1.0
2792 2892 1.0
2795 3109 1.0
2795 3110 1.0
2795 3147 1.0
2797 2921 1.0
2800 2801 1.0
2800 2845 1.0
2802 2803 1.0
2803 3058 1.0
2804 2805 1.0
2808 3182 1.0
2810 2811 1.0
2810 2812 1.0
2815 2816 1.0
2825 2891 1.0
2826 2827 1.0
2826 3081 1.0
2827 3133 1.0
2827 3233 1.0
2829 3129 1.0
2830 2888 1.0
2830 2972 1.0
2832 2895 1.0
2832 3119 1.0
2837 2930 1.0
2837 3056 1.0
2838 2875 1.0
2839 2906 1.0
2841 2999 1.0
2841 3148 1.0
2841 3225 1.0
2842 3243 1.0
2844 3085 1.0
2846 3187 1.0
2847 2848 1.0
2847 2849 1.0
2851 2879 1.0
2855 3001 1.0
2856 2858 1.0
2857 2858 1.0
2862 3226 1.0
2870 2996 1.0
2876 2901 1.0
2881 2882 1.0
2883 2884 1.0
2885 3196 1.0
2889 2936 1.0
2893 3217 1.0
2893 3218 1.0
2896 2897 1.0
2899 3029 1.0
2907 2914 1.0
2909 2912 1.0
2909 2915 1.0
2911 2914 1.0
2912 2915 1.0
2913 2914 1.0
2914 2917 1.0
2914 3122 1.0
2916 2918 1.0
2920 3134 1.0
2922 3093 1.0
2924 2925 1.0
2926 3172 1.0
2928 3157 1.0
2930 3167 1.0
2931 3030 1.0
2932 3069 1.0
2933 3249 1.0
2936 2996 1.0
2939 2940 1.0
2939 2942 1.0
2940 2941 1.0
2941 2942 1.0
2944 2945 1.0
2947 3257 1.0
2950 2951 1.0
2950 3180 1.0
2952 3060 1.0
2954 3212 1.0
2955 3253 1.0
2958 2959 1.0
2961 2962 1.0
2963 2964 1.0
2966 3221 1.0
2967 2968 1.0
2967 3118 1.0
2968 3118 1.0
2969 2970 1.0
2979 2980 1.0
2981 3111 1.0
2986 3010 1.0
2986 3149 1.0
2987 2988 1.0
2991 2998 1.0
2992 3026 1.0
2996 3062 1.0
2996 3068 1.0
2999 3148 1.0
3002 3003 1.0
3004 3005 1.0
3004 3007 1.0
3005 3006 1.0
3008 3009 1.0
3011 3178 1.0
3013 3014 1.0
3014 3015 1.0
3018 3019 1.0
3018 3020 1.0
3019 3020 1.0
3021 3022 1.0
3024 3025 1.0
3027 3124 1.0
3032 3033 1.0
3034 3035 1.0
3034 3037 1.0
3035 3037 1.0
3036 3037 1.0
3039 3060 1.0
3042 3144 1.0
3046 3047 1.0
3046 3048 1.0
3046 3130 1.0
3047 3048 1.0
3047 3130 1.0
3049 3050 1.0
3051 3052 1.0
3052 3053 1.0
3054 3055 1.0
3054 3221 1.0
3056 3167 1.0
3067 3138 1.0
3072 3073 1.0
3080 3081 1.0
3083 3084 1.0
3086 3087 1.0
3096 3097 1.0
3096 3098 1.0
3096 3099 1.0
3096 3100 1.0
3096 3101 1.0
3096 3241 1.0
3097 3099 1.0
3097 3100 1.0
3099 3100 1.0
3105 3108 1.0
3116 3117 1.0
3116 3237 1.0
3117 3237 1.0
3121 3250 1.0
3126 3127 1.0
3131 3132 1.0
3136 3137 1.0
3145 3146 1.0
3149 3150 1.0
3152 3181 1.0
3158 3160 1.0
3159 3160 1.0
3159 3163 1.0
3169 3187 1.0
3169 3228 1.0
3173 3174 1.0
3176 3177 1.0
3179 3180 1.0
3184 3185 1.0
3188 3189 1.0
3192 3193 1.0
3195 3236 1.0
3197 3198 1.0
3199 3200 1.0
3207 3208 1.0
3207 3210 1.0
3208 3210 1.0
3213 3214 1.0
3213 3215 1.0
3230 3231 1.0
3234 3235 1.0
3248 3252 1.0
3254 3255 1.0
