0 1 1.0
0 2 1.0
0 3 1.0
0 5 1.0
0 6 1.0
0 8 1.0
0 11 1.0
0 12 1.0
0 13 1.0
0 14 1.0
0 16 1.0
0 17 1.0
0 20 1.0
0 21 1.0
0 29 1.0
0 30 1.0
0 32 1.0
0 33 1.0
0 36 1.0
0 38 1.0
0 39 1.0
0 40 1.0
0 41 1.0
0 43 1.0
0 48 1.0
0 49 1.0
0 50 1.0
0 51 1.0
0 52 1.0
0 53 1.0
0 54 1.0
0 56 1.0
0 58 1.0
0 59 1.0
0 60 1.0
0 61 1.0
0 62 1.0
0 65 1.0
0 66 1.0
0 67 1.0
0 68 1.0
0 69 1.0
0 74 1.0
0 76 1.0
0 79 1.0
0 80 1.0
0 83 1.0
0 84 1.0
0 85 1.0
0 87 1.0
0 89 1.0
0 90 1.0
0 91 1.0
0 92 1.0
0 96 1.0
0 100 1.0
0 101 1.0
0 102 1.0
0 104 1.0
0 107 1.0
0 108 1.0
0 113 1.0
0 115 1.0
0 116 1.0
0 117 1.0
0 119 1.0
0 122 1.0
0 123 1.0
0 124 1.0
0 125 1.0
0 130 1.0
0 132 1.0
0 133 1.0
0 135 1.0
0 136 1.0
0 137 1.0
0 138 1.0
0 139 1.0
0 140 1.0
0 141 1.0
0 142 1.0
0 143 1.0
0 144 1.0
0 145 1.0
0 149 1.0
0 151 1.0
0 154 1.0
0 155 1.0
0 156 1.0
0 159 1.0
0 165 1.0
0 166 1.0
0 169 1.0
0 170 1.0
0 175 1.0
0 177 1.0
0 178 1.0
0 179 1.0
0 180 1.0
0 181 1.0
0 183 1.0
0 184 1.0
0 185 1.0
0 186 1.0
1 8 1.0
1 29 1.0
1 71 1.0
1 90 1.0
1 95 1.0
1 96 1.0
1 100 1.0
1 107 1.0
1 108 1.0
1 117 1.0
1 121 1.0
1 124 1.0
1 130 1.0
1 147 1.0
1 166 1.0
1 186 1.0
2 10 1.0
2 22 1.0
3 4 1.0
6 93 1.0
7 163 1.0
9 139 1.0
10 22 1.0
10 180 1.0
11 52 1.0
12 37 1.0
12 79 1.0
13 94 1.0
13 122 1.0
15 24 1.0
18 126 1.0
19 169 1.0
20 72 1.0
20 73 1.0
22 34 1.0
22 38 1.0
23 23 1.0
23 24 1.0
24 28 1.0
24 79 1.0
24 129 1.0
25 95 1.0
26 26 1.0
26 27 1.0
26 127 1.0
29 107 1.0
31 57 1.0
31 156 1.0
31 169 1.0
32 36 1.0
32 118 1.0
32 142 1.0
32 149 1.0
32 155 1.0
32 161 1.0
32 175 1.0
33 140 1.0
33 156 1.0
34 35 1.0
35 35 1.0
35 121 1.0
36 74 1.0
36 161 1.0
37 66 1.0
37 89 1.0
38 38 1.0
39 112 1.0
41 114 1.0
42 42 1.0
42 95 1.0
43 44 1.0
43 156 1.0
45 114 1.0
45 174 1.0
46 105 1.0
47 48 1.0
47 75 1.0
48 103 1.0
48 104 1.0
48 128 1.0
48 137 1.0
48 144 1.0
48 150 1.0
48 165 1.0
55 110 1.0
56 57 1.0
58 166 1.0
61 131 1.0
62 109 1.0
63 80 1.0
64 64 1.0
64 138 1.0
64 140 1.0
67 67 1.0
68 94 1.0
69 70 1.0
69 122 1.0
71 71 1.0
71 124 1.0
71 127 1.0
72 73 1.0
72 156 1.0
74 75 1.0
76 126 1.0
77 78 1.0
77 127 1.0
77 138 1.0
78 138 1.0
80 81 1.0
80 82 1.0
80 127 1.0
82 138 1.0
85 169 1.0
86 92 1.0
88 88 1.0
88 114 1.0
89 122 1.0
90 107 1.0
90 186 1.0
91 166 1.0
92 121 1.0
92 147 1.0
93 127 1.0
93 171 1.0
94 122 1.0
94 156 1.0
95 96 1.0
95 144 1.0
95 148 1.0
95 158 1.0
96 97 1.0
96 98 1.0
96 99 1.0
96 127 1.0
98 148 1.0
100 107 1.0
106 158 1.0
107 117 1.0
107 130 1.0
107 144 1.0
107 179 1.0
108 108 1.0
108 109 1.0
108 110 1.0
108 111 1.0
108 112 1.0
108 127 1.0
111 138 1.0
112 116 1.0
114 141 1.0
114 153 1.0
114 172 1.0
114 173 1.0
114 185 1.0
116 140 1.0
118 118 1.0
120 120 1.0
126 126 1.0
126 127 1.0
126 128 1.0
127 130 1.0
127 134 1.0
127 166 1.0
127 167 1.0
127 172 1.0
130 131 1.0
130 132 1.0
130 179 1.0
133 169 1.0
134 134 1.0
135 146 1.0
136 138 1.0
138 145 1.0
140 145 1.0
140 159 1.0
149 161 1.0
152 181 1.0
153 153 1.0
156 157 1.0
156 161 1.0
156 163 1.0
160 186 1.0
161 161 1.0
161 162 1.0
161 163 1.0
161 164 1.0
161 175 1.0
163 184 1.0
167 169 1.0
168 184 1.0
172 172 1.0
172 173 1.0
176 176 1.0
181 182 1.0
