0 103 1
0 120 1
0 174 1
0 202 1
1 6 1
1 20 1
1 25 1
1 29 1
1 32 1
1 42 1
1 46 1
1 67 1
1 68 1
1 71 1
1 72 1
1 73 1
1 74 1
1 77 1
1 78 1
1 81 1
1 82 1
1 83 1
1 84 1
1 85 1
1 86 1
1 87 1
1 88 1
1 89 1
1 90 1
1 91 1
1 92 1
1 93 1
1 94 1
1 96 1
1 97 1
1 98 1
1 99 1
1 100 1
1 101 1
1 102 1
1 104 1
1 105 1
1 107 1
1 108 1
1 111 1
1 113 1
1 114 1
1 115 1
1 116 1
1 117 1
1 118 1
1 119 1
1 120 1
1 121 1
1 122 1
1 123 1
1 124 1
1 125 1
1 127 1
1 129 1
1 130 1
1 131 1
1 132 1
1 133 1
1 134 1
1 135 1
1 136 1
1 137 1
1 141 1
1 142 1
1 144 1
1 145 1
1 146 1
1 149 1
1 150 1
1 151 1
1 153 1
1 154 1
1 155 1
1 157 1
1 158 1
1 159 1
1 160 1
1 162 1
1 163 1
1 164 1
1 165 1
1 166 1
1 167 1
1 169 1
1 172 1
1 173 1
1 174 1
1 175 1
1 176 1
1 177 1
1 179 1
1 180 1
1 181 1
1 182 1
1 183 1
1 184 1
1 185 1
1 188 1
1 189 1
1 191 1
1 193 1
1 195 1
1 197 1
1 198 1
1 199 1
1 200 1
1 201 1
1 202 1
1 203 1
1 204 1
1 209 1
1 210 1
1 215 1
1 217 1
1 218 1
1 219 1
1 222 1
1 223 1
1 224 1
1 228 1
3 4 1
4 95 1
4 136 1
6 75 1
7 136 1
9 10 1
10 136 1
11 12 1
11 208 1
12 115 1
12 208 1
13 14 1
13 176 1
14 86 1
14 110 1
15 16 1
15 17 1
15 73 1
17 178 1
18 158 1
18 205 1
20 64 1
20 83 1
21 163 1
23 170 1
24 77 1
24 183 1
25 162 1
27 136 1
27 196 1
28 29 1
28 207 1
30 176 1
31 120 1
33 34 1
33 206 1
34 115 1
34 122 1
34 206 1
35 71 1
35 112 1
35 132 1
35 156 1
36 79 1
37 72 1
37 196 1
38 72 1
39 40 1
39 41 1
39 112 1
40 41 1
41 71 1
41 74 1
41 170 1
42 151 1
43 100 1
43 164 1
44 139 1
44 162 1
45 113 1
46 71 1
46 74 1
46 112 1
46 154 1
46 161 1
46 186 1
46 207 1
47 109 1
47 154 1
47 186 1
48 208 1
49 151 1
50 228 1
51 71 1
52 81 1
53 54 1
53 55 1
53 82 1
56 205 1
57 82 1
58 100 1
58 112 1
58 122 1
58 206 1
59 71 1
60 61 1
60 182 1
61 151 1
62 228 1
63 86 1
63 110 1
65 86 1
66 109 1
68 90 1
69 70 1
70 165 1
70 212 1
72 102 1
74 80 1
76 225 1
77 92 1
77 96 1
77 101 1
77 157 1
77 166 1
77 167 1
77 173 1
77 216 1
77 225 1
78 103 1
78 208 1
78 224 1
80 143 1
82 133 1
82 145 1
82 212 1
83 113 1
84 126 1
84 171 1
85 220 1
88 109 1
88 224 1
89 90 1
89 207 1
89 221 1
90 94 1
90 128 1
90 162 1
90 196 1
92 225 1
93 228 1
94 198 1
96 166 1
96 195 1
96 205 1
98 140 1
98 166 1
98 225 1
99 228 1
100 124 1
100 146 1
100 225 1
100 229 1
101 225 1
102 130 1
103 133 1
103 143 1
103 175 1
103 203 1
103 224 1
104 118 1
104 140 1
108 216 1
108 228 1
109 133 1
110 220 1
111 171 1
111 218 1
113 182 1
114 226 1
116 220 1
117 220 1
118 130 1
118 139 1
118 194 1
119 228 1
123 223 1
124 139 1
124 190 1
124 229 1
127 174 1
127 177 1
129 212 1
130 157 1
130 166 1
132 223 1
133 153 1
133 155 1
133 175 1
133 224 1
134 156 1
135 219 1
138 223 1
139 140 1
139 185 1
139 216 1
139 229 1
140 185 1
140 210 1
145 212 1
146 206 1
146 226 1
147 207 1
147 211 1
147 219 1
149 211 1
149 219 1
151 225 1
151 226 1
155 204 1
157 166 1
157 167 1
159 220 1
161 207 1
166 167 1
166 168 1
166 195 1
168 205 1
173 225 1
174 223 1
174 228 1
175 224 1
179 213 1
181 207 1
181 219 1
182 224 1
182 229 1
183 219 1
183 228 1
184 213 1
190 229 1
193 223 1
194 195 1
194 216 1
195 200 1
195 205 1
197 224 1
199 225 1
201 205 1
206 225 1
206 226 1
207 219 1
207 221 1
207 222 1
210 213 1
212 215 1
213 216 1
219 222 1
221 222 1
225 226 1
